10,512
20,514
30,513
40,514
50,515
60,513
70,514
80,516
90,513
100,513
110,515
120,516
130,516
140,517
150,518
160,517
170,517
180,519
190,520
200,517
210,524
220,526
230,526
240,529
250,528
260,529
270,532
280,532
290,534
300,537
310,545
320,542
330,544
340,544
350,545
360,546
370,546
380,546
390,553
400,550
410,551
420,554
430,555
440,556
450,557
460,556
470,556
480,557
490,560
500,560
510,565
520,566
530,568
540,570
550,571
560,572
570,572
580,573
590,574
600,573
610,575
620,577
630,578
640,579
650,580
660,581
670,581
680,580
690,582
700,584
710,586
720,588
730,589
740,592
750,593
760,593
770,594
780,593
790,595
800,595
810,596
820,597
830,599
840,599
850,601
860,603
870,604
880,600
890,602
900,603
910,606
920,607
930,608
940,609
950,613
960,612
970,614
980,613
990,613
1000,614
1010,614
1020,614
1030,614
1040,615
1050,616
1060,618
1070,618
1080,620
1090,619
1100,619
1110,619
1120,620
1130,621
1140,624
1150,626
1160,627
1170,630
1180,629
1190,631
1200,628
1210,629
1220,631
1230,630
1240,630
1250,630
1260,632
1270,634
1280,633
1290,634
1300,634
1310,636
1320,634
1330,635
1340,635
1350,636
1360,639
1370,639
1380,642
1390,643
1400,644
1410,645
1420,644
1430,644
1440,642
1450,644
1460,643
1470,643
1480,646
1490,647
1500,648
1510,647
1520,648
1530,647
1540,648
1550,648
1560,647
1570,649
1580,648
1590,652
1600,653
1610,654
1620,654
1630,657
1640,654
1650,654
1660,654
1670,653
1680,654
1690,655
1700,657
1710,657
1720,655
1730,658
1740,659
1750,658
1760,657
1770,659
1780,658
1790,658
1800,660
1810,663
1820,663
1830,665
1840,665
1850,665
1860,667
1870,667
1880,665
1890,664
1900,665
1910,664
1920,665
1930,666
1940,667
1950,668
1960,668
1970,668
1980,669
1990,667
2000,667
2010,669
2020,672
2030,671
2040,673
2050,674
2060,674
2070,676
2080,674
2090,673
2100,674
2110,672
2120,673
2130,674
2140,674
2150,675
2160,676
2170,676
2180,676
2190,677
2200,676
2210,676
2220,675
2230,677
2240,676
2250,678
2260,681
2270,681
2280,683
2290,684
2300,683
2310,681
2320,679
2330,680
2340,681
2350,681
2360,681
2370,682
2380,683
2390,682
2400,685
2410,683
2420,683
2430,682
2440,683
2450,683
2460,683
2470,684
2480,687
2490,688
2500,689
2510,688
2520,689
2530,688
2540,688
2550,687
2560,687
2570,687
2580,688
2590,689
2600,691
2610,691
2620,691
2630,691
2640,689
2650,688
2660,688
2670,689
2680,692
2690,692
2700,695
2710,694
2720,696
2730,695
2740,695
2750,693
2760,694
2770,693
2780,693
2790,694
2800,693
2810,694
2820,695
2830,696
2840,696
2850,696
2860,696
2870,696
2880,694
2890,691
2900,696
2910,699
2920,698
2930,701
2940,701
2950,700
2960,700
2970,699
2980,698
2990,698
3000,697
3010,699
3020,700
3030,699
3040,700
3050,701
3060,701
3070,698
3080,698
3090,698
3100,698
3110,700
3120,699
3130,702
3140,704
3150,704
3160,703
3170,704
3180,703
3190,701
3200,701
3210,701
3220,703
3230,700
3240,702
3250,703
3260,705
3270,703
3280,702
3290,701
3300,700
3310,703
3320,702
3330,704
3340,704
3350,706
3360,706
3370,706
3380,706
3390,704
3400,704
3410,705
3420,704
3430,703
3440,705
3450,705
3460,705
3470,705
3480,706
3490,705
3500,705
3510,705
3520,703
3530,706
3540,708
3550,708
3560,710
3570,709
3580,710
3590,709
3600,706
3610,706
3620,706
3630,705
3640,707
3650,708
3660,708
3670,712
3680,709
3690,707
3700,707
3710,707
3720,708
3730,708
3740,710
3750,707
3760,712
3770,712
3780,715
3790,712
3800,711
3810,710
3820,709
3830,708
3840,711
3850,710
3860,711
3870,710
3880,711
3890,710
3900,710
3910,710
3920,707
3930,710
3940,710
3950,712
3960,714
3970,715
3980,715
3990,715
4000,715
4010,713
4020,714
4030,712
4040,712
4050,711
4060,716
4070,712
4080,714
4090,713
4100,714
4110,713
4120,712
4130,711
4140,710
4150,713
4160,714
4170,718
4180,716
4190,718
4200,717
4210,717
4220,716
4230,715
4240,715
4250,710
4260,714
4270,715
4280,714
4290,715
4300,715
4310,715
4320,716
4330,714
4340,713
4350,714
4360,715
4370,714
4380,717
4390,717
4400,718
4410,718
4420,718
4430,718
4440,717
4450,717
4460,715
4470,715
4480,715
4490,717
4500,718
4510,717
4520,717
4530,716
4540,716
4550,715
4560,716
4570,715
4580,718
4590,719
4600,719
4610,717
4620,719
4630,719
4640,719
4650,718
4660,717
4670,716
4680,717
4690,716
4700,717
4710,717
4720,716
4730,719
4740,718
4750,716
4760,714
4770,714
4780,714
4790,717
4800,718
4810,719
4820,719
4830,719
4840,719
4850,719
4860,719
4870,717
4880,719
4890,717
4900,718
4910,718
4920,718
4930,719
4940,719
4950,719
4960,718
4970,716
4980,716
4990,717
5000,718
5010,718
5020,719
5030,719
5040,719
5050,719
5060,717
5070,719
5080,719
5090,719
5100,717
5110,718
5120,718
5130,719
5140,719
5150,719
5160,719
5170,719
5180,718
5190,717
5200,718
5210,718
5220,718
5230,718
5240,719
5250,719
5260,717
5270,719
5280,717
5290,719
5300,719
5310,719
5320,718
5330,719
5340,716
5350,717
5360,715
5370,719
5380,719
5390,719
5400,719
5410,718
5420,715
5430,717
5440,717
5450,717
5460,719
5470,719
5480,719
5490,719
5500,719
5510,719
5520,719
5530,719
5540,717
5550,718
5560,718
5570,718
5580,718
5590,718
5600,719
5610,719
5620,718
5630,719
5640,716
5650,717
5660,717
5670,717
5680,718
5690,717
5700,719
5710,717
5720,719
5730,719
5740,719
5750,719
5760,719
5770,719
5780,718
5790,719
5800,718
5810,719
5820,719
5830,719
5840,719
5850,719
5860,718
5870,717
5880,717
5890,718
5900,718
5910,719
5920,717
5930,717
5940,718
5950,719
5960,719
5970,719
5980,719
5990,719
6000,719
6010,719
6020,718
6030,719
6040,719
6050,719
6060,719
6070,719
6080,719
6090,719
6100,718
6110,717
6120,719
6130,719
6140,719
6150,719
6160,718
6170,718
6180,718
6190,717
6200,717
6210,719
6220,719
6230,718
6240,719
6250,719
6260,719
6270,719
6280,719
6290,719
6300,719
6310,719
6320,719
6330,718
6340,719
6350,718
6360,719
6370,718
6380,718
6390,718
6400,718
6410,718
6420,717
6430,717
6440,719
6450,719
6460,719
6470,719
6480,719
6490,714
6500,719
6510,717
6520,717
6530,719
6540,719
6550,718
6560,719
6570,719
6580,719
6590,718
6600,718
6610,718
6620,718
6630,718
6640,718
6650,719
6660,719
6670,719
6680,719
6690,719
6700,719
6710,718
6720,719
6730,719
6740,719
6750,719
6760,718
6770,719
6780,719
6790,718
6800,718
6810,718
6820,719
6830,718
6840,718
6850,718
6860,719
6870,718
6880,719
6890,719
6900,719
6910,718
6920,717
6930,719
6940,717
6950,717
6960,719
6970,717
6980,719
6990,718
7000,717
7010,717
7020,718
7030,719
7040,719
7050,719
7060,718
7070,717
7080,719
7090,719
7100,719
7110,719
7120,717
7130,719
7140,719
7150,718
7160,718
7170,719
7180,719
7190,719
7200,719
7210,719
7220,719
7230,718
7240,719
7250,719
7260,718
7270,719
7280,718
7290,719
7300,719
7310,715
7320,719
7330,719
7340,719
7350,719
7360,719
7370,717
7380,719
7390,719
7400,718
7410,719
7420,719
7430,719
7440,718
7450,717
7460,718
7470,718
7480,718
7490,717
7500,719
7510,719
7520,719
7530,719
7540,719
7550,719
7560,719
7570,719
7580,719
7590,719
7600,719
7610,718
7620,719
7630,719
7640,719
7650,719
7660,718
7670,718
7680,717
7690,718
7700,718
7710,718
7720,719
7730,719
7740,719
7750,719
7760,717
7770,717
7780,717
7790,719
7800,719
7810,719
7820,719
7830,719
7840,717
7850,718
7860,717
7870,719
7880,719
7890,719
7900,718
7910,718
7920,718
7930,717
7940,717
7950,719
7960,719
7970,717
7980,718
7990,718
8000,718
8010,717
8020,719
8030,717
8040,719
8050,718
8060,717
8070,719
8080,719
8090,719
8100,719
8110,719
8120,718
8130,719
8140,717
8150,718
8160,718
8170,718
8180,718
8190,718
8200,719
8210,718
8220,717
8230,718
8240,717
8250,717
8260,717
8270,718
8280,718
8290,719
8300,718
8310,719
8320,718
8330,718
8340,718
8350,718
8360,717
8370,717
8380,717
8390,719
8400,718
8410,717
8420,718
8430,718
8440,719
8450,719
8460,719
8470,719
8480,719
8490,719
8500,719
8510,719
8520,719
8530,719
8540,718
8550,718
8560,719
8570,718
8580,719
8590,718
8600,718
8610,719
8620,718
8630,717
8640,718
8650,719
8660,719
8670,718
8680,718
8690,718
8700,718
8710,719
8720,719
8730,719
8740,718
8750,718
8760,717
8770,717
8780,717
8790,717
8800,718
8810,718
8820,719
8830,718
8840,718
8850,717
8860,719
8870,717
8880,718
8890,719
8900,718
8910,719
8920,718
8930,718
8940,719
8950,719
8960,719
8970,719
8980,718
8990,718
9000,719
9010,718
9020,718
9030,719
9040,719
9050,718
9060,718
9070,718
9080,718
9090,719
9100,718
9110,715
9120,717
9130,715
9140,715
9150,719
9160,719
9170,719
9180,718
9190,718
9200,718
9210,718
9220,719
9230,719
9240,719
9250,719
9260,718
9270,717
9280,719
9290,717
9300,719
9310,719
9320,718
9330,718
9340,719
9350,718
9360,718
9370,719
9380,719
9390,719
9400,718
9410,719
9420,719
9430,718
9440,719
9450,719
9460,719
9470,718
9480,719
9490,717
9500,718
9510,718
9520,718
9530,719
9540,718
9550,718
9560,719
9570,719
9580,718
9590,718
9600,718
9610,717
9620,718
9630,717
9640,718
9650,718
9660,718
9670,719
9680,717
9690,718
9700,717
9710,718
9720,717
9730,719
9740,718
9750,718
9760,718
9770,719
9780,719
9790,718
9800,718
9810,718
9820,719
9830,718
9840,718
9850,718
9860,718
9870,719
9880,718
9890,718
9900,719
9910,716
9920,719
9930,717
9940,718
9950,719
9960,718
9970,715
9980,715
9990,719
10000,719
10010,718
10020,718
10030,718
10040,718
10050,718
10060,718
10070,718
10080,719
10090,718
10100,718
10110,717
10120,717
10130,719
10140,719
10150,717
10160,718
10170,719
10180,719
10190,719
10200,718
10210,718
10220,719
10230,719
10240,718
10250,717
10260,718
10270,718
10280,719
10290,719
10300,718
10310,719
10320,718
10330,718
10340,718
10350,717
10360,717
10370,719
10380,719
10390,719
10400,719
10410,715
10420,715
10430,718
10440,719
10450,719
10460,719
10470,718
10480,718
10490,718
10500,717
10510,719
10520,718
10530,718
10540,719
10550,719
10560,718
10570,718
10580,719
10590,719
10600,717
10610,718
10620,718
10630,719
10640,718
10650,719
10660,719
10670,719
10680,719
10690,718
10700,717
10710,717
10720,717
10730,717
10740,718
10750,718
10760,718
10770,718
10780,718
10790,718
10800,719
10810,719
10820,719
10830,717
10840,718
10850,719
10860,719
10870,719
10880,719
10890,719
10900,718
10910,717
10920,717
10930,719
10940,719
10950,719
10960,717
10970,718
10980,718
10990,718
11000,717
11010,718
11020,718
11030,718
11040,718
11050,718
11060,718
11070,718
11080,719
11090,718
11100,718
11110,717
11120,717
11130,719
11140,719
11150,717
11160,718
11170,719
11180,719
11190,719
11200,718
11210,718
11220,719
11230,719
11240,718
11250,717
11260,718
11270,718
11280,719
11290,719
11300,718
11310,719
11320,718
11330,718
11340,718
11350,717
11360,717
11370,719
11380,719
11390,719
11400,719
11410,715
11420,715
11430,718
11440,719
11450,719
11460,719
11470,718
11480,718
11490,718
11500,717
11510,719
11520,718
11530,718
11540,719
11550,719
11560,718
11570,718
11580,719
11590,719
11600,717
11610,718
11620,718
11630,719
11640,718
11650,719
11660,719
11670,719
11680,719
11690,718
11700,717
11710,717
11720,717
11730,717
11740,718
11750,718
11760,718
11770,718
11780,718
11790,718
11800,719
11810,719
11820,719
11830,717
11840,718
11850,719
11860,719
11870,719
11880,719
11890,719
11900,718
11910,717
11920,717
11930,719
11940,719
11950,719
11960,717
11970,718
11980,718
11990,718
12000,717

12010,718
12020,718
12030,718
12040,718
12050,718
12060,718
12070,718
12080,719
12090,718
12100,718
12110,717
12120,717
12130,719
12140,719
12150,717
12160,718
12170,719
12180,719
12190,719
12200,718
12210,718
12220,719
12230,719
12240,718
12250,717
12260,718
12270,718
12280,719
12290,719
12300,718
12310,719
12320,718
12330,718
12340,718
12350,717
12360,717
12370,719
12380,719
12390,719
12400,719
12410,715
12420,715
12430,718
12440,719
12450,719
12460,719
12470,718
12480,718
12490,718
12500,717
12510,719
12520,718
12530,718
12540,719
12550,719
12560,718
12570,718
12580,719
12590,719
12600,717
12610,718
12620,718
12630,719
12640,718
12650,719
12660,719
12670,719
12680,719
12690,718
12700,717
12710,717
12720,717
12730,717
12740,718
12750,718
12760,718
12770,718
12780,718
12790,718
12800,719
12810,719
12820,719
12830,717
12840,718
12850,719
12860,719
12870,719
12880,719
12890,719
12900,718
12910,717
12920,717
12930,719
12940,719
12950,719
12960,717
12970,718
12980,718
12990,718
13000,717
13010,718
13020,718
13030,718
13040,718
13050,718
13060,718
13070,718
13080,719
13090,718
13100,718
13110,717
13120,717
13130,719
13140,719
13150,717
13160,718
13170,719
13180,719
13190,719
13200,718
13210,718
13220,719
13230,719
13240,718
13250,717
13260,718
13270,718
13280,719
13290,719
13300,718
13310,719
13320,718
13330,718
13340,718
13350,717
13360,717
13370,719
13380,719
13390,719
13400,719
13410,715
13420,715
13430,718
13440,719
13450,719
13460,719
13470,718
13480,718
13490,718
13500,717
13510,719
13520,718
13530,718
13540,719
13550,719
13560,718
13570,718
13580,719
13590,719
13600,717
13610,718
13620,718
13630,719
13640,718
13650,719
13660,719
13670,719
13680,719
13690,718
13700,717
13710,717
13720,717
13730,717
13740,718
13750,718
13760,718
13770,718
13780,718
13790,718
13800,719
13810,719
13820,719
13830,717
13840,718
13850,719
13860,719
13870,719
13880,719
13890,719
13900,718
13910,717
13920,717
13930,719
13940,719
13950,719
13960,717
13970,718
13980,718
13990,718
13000,717