0.0995,13.3069164201594
0.0995000000000011,13.3069164201579
0.099501,13.3064036435865
0.099502,13.3071108307411
0.099503,13.3087330194391
0.099504,13.3109942296889
0.099505,13.3136447205638
0.099506,13.316458509396
0.099507,13.319231126557
0.099508,13.3217775835966
0.099509,13.3239305345846
0.09951,13.3255386124135
0.099511,13.3264649235536
0.099512,13.3265856863165
0.0995120000000011,13.3265856863162
0.099512000000002,13.3265856863159
0.099513,13.3258048389657
0.099514,13.3241118811694
0.099515,13.3216063195057
0.099516,13.3184896223396
0.099517,13.3150545476081
0.099518,13.3116746338581
0.099519,13.3087938523799
0.09952,13.3069164260337
0.0995200000000011,13.3069164260323
0.099521,13.306403648987
0.099522,13.3071108357118
0.099523,13.30873302402
0.099524,13.310994233916
0.099525,13.3136447244697
0.099526,13.3164585130102
0.099527,13.3192311299062
0.099528,13.3217775867051
0.099529,13.3239305374741
0.09953,13.3255386151038
0.099531,13.3264649260625
0.099532,13.3265856886602
0.0995320000000011,13.3265856886598
0.099533,13.3258048411588
0.099534,13.3241118832252
0.099535,13.3216063214365
0.099536,13.3184896241568
0.099537,13.3150545493219
0.099538,13.3116746354781
0.099539,13.3087938542285
0.09954,13.3069164288788
0.0995400000000011,13.3069164288774
0.099540000000002,13.3069164288763
0.099541,13.3064036531321
0.099542,13.3071108410335
0.099543,13.3087330304064
0.099544,13.3109942412657
0.099545,13.3136447326907
0.099546,13.316458522019
0.099547,13.3192311396271
0.099548,13.3217775970691
0.099549,13.3239305484188
0.09955,13.3255386265723
0.099551,13.3264649380034
0.099552,13.3265857010264
0.0995520000000011,13.326585701026
0.099553,13.3258048539076
0.099554,13.3241118963181
0.099555,13.3216063348386
0.099556,13.3184896378364
0.099557,13.3150545632506
0.099558,13.3116746496301
0.099559,13.3087938682671
0.09956,13.3069164420234
0.0995600000000011,13.3069164420219
0.099561,13.3064036650678
0.099562,13.3071108518732
0.099563,13.3087330402524
0.099564,13.3109942502105
0.099565,13.3136447408179
0.099566,13.3164585294043
0.099567,13.3192311463388
0.099568,13.3217776031694
0.099569,13.3239305539636
0.09957,13.3255386316124
0.099571,13.3264649425846
0.099572,13.3265857051903
0.0995720000000011,13.32658570519
0.099573,13.3258048576917
0.099574,13.3241118997562
0.099575,13.3216063379611
0.099576,13.3184896406707
0.099577,13.3150545658213
0.099578,13.3116746519594
0.099579,13.3087938703751
0.09958,13.306916443928
0.0995800000000011,13.3069164439266
0.099581,13.3064036667853
0.099582,13.3071108534184
0.099583,13.3087330416386
0.099584,13.3109942514497
0.099585,13.313644741921
0.099586,13.3164585303812
0.099587,13.3192311471986
0.099588,13.3217776039201
0.099589,13.3239305546125
0.09959,13.3255386321662
0.099591,13.3264649430492
0.099592,13.3265857055712
0.0995920000000011,13.3265857055709
0.099592000000002,13.3265857055706
0.099593,13.3258048579938
0.099594,13.3241118999835
0.099595,13.321606337736
0.099596,13.3184896394989
0.099597,13.3150545636021
0.099598,13.3116746487882
0.099599,13.3087938663383
0.0996,13.3069164391038
0.0996000000000011,13.3069164391024
0.099601,13.3064036612445
0.099602,13.3071108472251
0.099603,13.308733034851
0.099604,13.3109942441207
0.099605,13.3136447340987
0.099606,13.3164585221091
0.099607,13.3192311385164
0.099608,13.3217775948638
0.099609,13.323930545215
0.09961,13.3255386224572
0.099611,13.3264649330561
0.099612,13.3265856953187
0.0996120000000011,13.3265856953184
0.099613,13.3258048475046
0.099614,13.3241118892784
0.099615,13.321606327215
0.099616,13.3184896296767
0.099617,13.3150545545979
0.099618,13.3116746405232
0.099619,13.3087938587414
0.09962,13.3069164321108
0.0996200000000011,13.3069164321094
0.099620000000002,13.3069164321083
0.099621,13.3064036547979
0.099622,13.3071108412733
0.099623,13.3087330293473
0.099624,13.310994239023
0.099625,13.3136447293687
0.099626,13.3164585177124
0.099627,13.3192311344217
0.099628,13.3217775910429
0.099629,13.3239305416424
0.09963,13.3255386191099
0.099631,13.3264649299131
0.099632,13.3265856923612
0.0996320000000011,13.3265856923609
0.099633,13.3258048447156
0.099634,13.3241118866428
0.099635,13.3216063247196
0.099636,13.3184896273096
0.099637,13.3150545522377
0.099638,13.3116746381784
0.099639,13.3087938564716
0.09964,13.3069164299117
0.0996400000000011,13.3069164299103
0.099641,13.3064036526652
0.099642,13.3071108392029
0.099643,13.3087330273356
0.099644,13.3109942370664
0.099645,13.3136447274644
0.099646,13.3164585158577
0.099647,13.3192311326141
0.099648,13.3217775892803
0.099649,13.3239305399228
0.09965,13.3255386174315
0.099651,13.3264649282745
0.099652,13.3265856907609
0.0996520000000011,13.3265856907606
0.099653,13.3258048431524
0.099654,13.3241118851154
0.099655,13.3216063232267
0.099656,13.3184896258498
0.099657,13.3150545509207
0.099658,13.3116746369853
0.099659,13.3087938553332
0.09966,13.3069164288237
0.0996600000000011,13.3069164288223
0.099661,13.3064036516238
0.099662,13.3071108382045
0.099663,13.3087330263769
0.099664,13.3109942361446
0.099665,13.3136447265768
0.099666,13.3164585150018
0.099667,13.3192311317879
0.099668,13.3217775884819
0.099669,13.3239305391504
0.09967,13.3255386166836
0.099671,13.3264649275496
0.099672,13.3265856900578
0.0996720000000011,13.3265856900575
0.099673,13.3258048424699
0.099674,13.3241118844523
0.099675,13.3216063225816
0.099676,13.3184896252216
0.099677,13.315054550308
0.099678,13.3116746364711
0.099679,13.3087938552802
0.09968,13.3069164294061
0.0996800000000011,13.3069164294047
0.099681,13.3064036527804
0.099682,13.3071108398799
0.099683,13.3087330285208
0.099684,13.3109942387114
0.099685,13.3136447295251
0.099686,13.3164585182942
0.099687,13.3192311353903
0.099688,13.3217775923633
0.099689,13.323930543283
0.09969,13.3255386210418
0.099691,13.3264649321103
0.099692,13.3265856947999
0.0996920000000011,13.3265856947996
0.099693,13.3258048473744
0.099694,13.3241118895019
0.099695,13.3216063277607
0.099696,13.3184896305162
0.099697,13.3150545557053
0.099698,13.3116746418753
0.099699,13.308793860317
0.0997,13.3069164338907
0.0997000000000011,13.3069164338893
0.099701,13.3064036567643
0.099702,13.3071108434096
0.099703,13.3087330316385
0.099704,13.3109942414554
0.099705,13.3136447319299
0.099706,13.316458520391
0.099707,13.3192311372075
0.099708,13.3217775939265
0.099709,13.3239305446153
0.09971,13.3255386221643
0.099711,13.3264649330421
0.099712,13.3265856955582
0.0997120000000011,13.3265856955578
0.099713,13.3258048479747
0.099714,13.3241118899586
0.099715,13.3216063280872
0.099716,13.3184896307246
0.099717,13.315054555807
0.099718,13.3116746418807
0.099719,13.3087938602359
0.09972,13.3069164343036
0.0997200000000011,13.3069164343022
0.099721,13.306403658023
0.099722,13.3071108454344
0.099723,13.3087330343571
0.099724,13.3109942448022
0.099725,13.3136447358455
0.099726,13.3164585248215
0.099727,13.319231142104
0.099728,13.3217775992446
0.099729,13.3239305503147
0.09973,13.3255386282084
0.099731,13.3264649393975
0.099732,13.3265857021949
0.0997320000000011,13.3265857021945
0.099733,13.3258048548651
0.099734,13.3241118970778
0.099735,13.3216063350313
0.099736,13.3184896372437
0.099737,13.3150545619404
0.099738,13.3116746476641
0.099739,13.3087938657014
0.09974,13.3069164389088
0.0997400000000011,13.3069164389074
0.099741,13.3064036614509
0.099742,13.3071108477961
0.099743,13.3087330357534
0.099744,13.3109942453243
0.099745,13.3136447355761
0.099746,13.3164585238355
0.099747,13.3192311404693
0.099748,13.3217775970227
0.099749,13.3239305475614
0.09975,13.3255386249744
0.099751,13.3264649357287
0.099752,13.3265856981328
0.0997520000000011,13.3265856981324
0.099753,13.3258048504475
0.099754,13.3241118923388
0.099755,13.3216063303828
0.099756,13.3184896329425
0.099757,13.3150545579535
0.099758,13.3116746439612
0.099759,13.3087938622551
0.09976,13.306916435694
0.0997600000000011,13.3069164356926
0.099761,13.3064036584448
0.099762,13.3071108449782
0.099763,13.3087330331049
0.099764,13.3109942428284
0.099765,13.3136447332176
0.099766,13.3164585216006
0.099767,13.3192311383456
0.099768,13.3217775949989
0.099769,13.3239305456275
0.09977,13.325538623121
0.099771,13.3264649339476
0.099772,13.3265856964165
0.0997720000000011,13.3265856964162
0.099773,13.3258048487894
0.099774,13.3241118907325
0.099775,13.3216063284417
0.099776,13.3184896301644
0.099777,13.3150545542307
0.099778,13.3116746393831
0.099779,13.3087938569027
0.09978,13.3069164296408
0.0997800000000011,13.3069164296394
0.099781,13.3064036517573
0.099782,13.3071108377168
0.099783,13.3087330253245
0.099784,13.3109942345787
0.099785,13.3136447245439
0.099786,13.316458512544
0.099787,13.3192311289434
0.099788,13.3217775852852
0.099789,13.3239305356331
0.09979,13.3255386128742
0.099791,13.3264649234741
0.099792,13.3265856857397
0.0997920000000011,13.3265856857394
0.099793,13.3258048379307
0.099794,13.3241118797115
0.099795,13.3216063176573
0.099796,13.3184896201303
0.099797,13.3150545450648
0.099798,13.3116746310055
0.099799,13.3087938492412
0.0998,13.3069164226299
0.0998000000000011,13.3069164226285
0.099801,13.3064036453379
0.099802,13.3071108318352
0.099803,13.3087330199322
0.099804,13.3109942296319
0.099805,13.313644720003
0.099806,13.3164585083731
0.099807,13.31923112511
0.099808,13.32177758176
0.099809,13.3239305323896
0.09981,13.3255386098883
0.099811,13.3264649207241
0.099812,13.326585683206
0.0998120000000011,13.3265856832056
0.099813,13.3258048355954
0.099814,13.3241118775587
0.099815,13.3216063156726
0.099816,13.3184896183005
0.099817,13.3150545432672
0.099818,13.3116746292469
0.099819,13.3087938475794
0.09982,13.3069164210586
0.0998200000000011,13.3069164210572
0.099821,13.3064036438513
0.099822,13.307110830428
0.099823,13.3087330185998
0.099824,13.3109942283699
0.099825,13.3136447188074
0.099826,13.3164585072405
0.099827,13.3192311240373
0.099828,13.3217775807443
0.099829,13.3239305314282
0.09983,13.325538608979
0.099831,13.3264649198648
0.099832,13.3265856823947
0.0998320000000011,13.3265856823944
0.099833,13.3258048348305
0.099834,13.3241118768386
0.099835,13.3216063149959
0.099836,13.3184896176659
0.099837,13.3150545427844
0.099838,13.3116746288972
0.099839,13.3087938472939
0.09984,13.3069164208337
0.0998400000000011,13.3069164208323
0.099841,13.3064036436833
0.099842,13.3071108303138
0.099843,13.3087330185364
0.099844,13.3109942283548
0.099845,13.3136447188381
0.099846,13.3164585073149
0.099847,13.3192311241534
0.099848,13.3217775809003
0.099849,13.3239305316225
0.09985,13.3255386092101
0.099851,13.3264649201313
0.099852,13.3265856826955
0.0998520000000011,13.3265856826951
0.099853,13.3258048351643
0.099854,13.3241118772045
0.099855,13.3216063153928
0.099856,13.3184896180929
0.099857,13.3150545432406
0.099858,13.3116746293817
0.099859,13.3087938481193
0.09986,13.3069164227587
0.0998600000000011,13.3069164227573
0.099861,13.3064036470027
0.099862,13.3071108348957
0.099863,13.3087330242613
0.099864,13.3109942351143
0.099865,13.313644726534
0.099866,13.3164585158579
0.099867,13.3192311334626
0.099868,13.3217775909023
0.099869,13.3239305422506
0.09987,13.3255386204036
0.099871,13.3264649318352
0.099872,13.3265856948597
0.0998720000000011,13.3265856948594
0.099873,13.3258048477434
0.099874,13.324111890157
0.099875,13.3216063286811
0.099876,13.3184896316828
0.099877,13.3150545571009
0.099878,13.3116746434842
0.099879,13.3087938621247
0.09988,13.3069164358839
0.0998800000000011,13.3069164358825
0.099881,13.3064036589308
0.099882,13.3071108457383
0.099883,13.3087330341192
0.099884,13.3109942440787
0.099885,13.3136447346875
0.099886,13.3164585232752
0.099887,13.3192311402112
0.099888,13.3217775970434
0.099889,13.3239305478395
0.09989,13.3255386254904
0.099891,13.3264649364651
0.099892,13.3265856990737
0.0998920000000011,13.3265856990734
0.099893,13.3258048515785
0.099894,13.324111893647
0.099895,13.3216063318564
0.099896,13.3184896345713
0.099897,13.315054559728
0.099898,13.311674645873
0.099899,13.3087938642963
0.0999,13.306916438429
0.0999000000000011,13.3069164384276
0.099901,13.3064036622105
0.099902,13.3071108496812
0.099903,13.3087330386606
0.099904,13.3109942491598
0.099905,13.3136447402551
0.099906,13.3164585292809
0.099907,13.3192311466111
0.099908,13.3217776037976
0.099909,13.3239305549118
0.09991,13.325538632848
0.099911,13.3264649440779
0.099912,13.3265857069146
0.0999120000000011,13.3265857069142
0.099913,13.3258048596227
0.099914,13.3241119018718
0.099915,13.3216063398603
0.099916,13.3184896421064
0.099917,13.3150545668354
0.099918,13.3116746525899
0.099919,13.3087938706567
0.09992,13.3069164438921
0.0999200000000011,13.3069164438907
0.099921,13.3064036664606
0.099922,13.3071108528308
0.099923,13.3087330408117
0.099924,13.3109942504048
0.099925,13.3136447406775
0.099926,13.3164585289566
0.099927,13.3192311456089
0.099928,13.3217776021796
0.099929,13.3239305527345
0.09993,13.3255386301625
0.099931,13.3264649409308
0.099932,13.3265857033478
0.0999320000000011,13.3265857033475
0.099933,13.3258048556745
0.099934,13.3241118975767
0.099935,13.3216063356306
0.099936,13.3184896381995
0.099937,13.3150545632187
0.099938,13.3116746492338
0.099939,13.3087938675342
0.09994,13.3069164409789
0.0999400000000011,13.3069164409775
0.099941,13.3064036637347
0.099942,13.3071108502724
0.099943,13.3087330384026
0.099944,13.3109942481288
0.099945,13.31364473852
0.099946,13.3164585269042
0.099947,13.3192311436496
0.099948,13.3217776003026
0.099949,13.32393055093
0.09995,13.3255386284216
0.099951,13.3264649392455
0.099952,13.326585701711
0.0999520000000011,13.3265857017106
0.099953,13.3258048540795
0.099954,13.3241118960177
0.099955,13.321606334102
0.099956,13.3184896364284
0.099957,13.3150545609283
0.099958,13.311674646394
0.099959,13.3087938641954
0.09996,13.3069164371867
0.0999600000000011,13.3069164371853
0.099960000000002,13.3069164371842
0.099961,13.3064036595309
0.099962,13.3071108456953
0.099963,13.3087330334871
0.099964,13.3109942429065
0.099965,13.3136447330195
0.099966,13.3164585211516
0.099967,13.3192311376686
0.099968,13.3217775941149
0.099969,13.3239305445552
0.09997,13.3255386218775
0.099971,13.3264649325485
0.099972,13.3265856948759
0.0999720000000011,13.3265856948756
0.099973,13.3258048471201
0.099974,13.3241118889463
0.099975,13.3216063269303
0.099976,13.318489629435
0.099977,13.3150545543954
0.099978,13.3116746403567
0.099979,13.3087938586081
0.09998,13.3069164320084
0.0999800000000011,13.306916432007
0.099981,13.306403654724
0.099982,13.3071108412254
0.099983,13.3087330293232
0.099984,13.3109942390205
0.099985,13.3136447293861
0.099986,13.3164585177479
0.099987,13.3192311344738
0.099988,13.3217775911102
0.099989,13.3239305417237
0.09999,13.3255386192041
0.099991,13.3264649300191
0.099992,13.3265856924781
0.0999920000000011,13.3265856924778
0.099993,13.3258048448425
0.099994,13.3241118867787
0.099995,13.3216063248633
0.099996,13.31848962746
0.099997,13.3150545523933
0.099998,13.3116746383379
0.099999,13.3087938566334
0.1,13.3069164300742
0.100000000000001,13.3069164300728
0.100001,13.3064036528269
0.100002,13.3071108393623
0.100003,13.3087330274914
0.100004,13.3109942372175
0.100005,13.3136447276096
0.100006,13.3164585159959
0.100007,13.3192311327446
0.100008,13.3217775894022
0.100009,13.3239305400354
0.10001,13.3255386175342
0.100011,13.3264649283666
0.100011000000001,13.3264649283672
0.100012,13.3266161578958
0.100013,13.3260245644828
0.100014,13.3248409079277
0.100015,13.3233105137867
0.100016,13.3217628045026
0.100017,13.3206009976714
0.100018,13.3202919727668
0.100019,13.3213563146154
0.10002,13.3243585469462
0.100020000000001,13.3243585469508
0.100021,13.3296781516153
0.100022,13.3371058573657
0.100023,13.3462505685916
0.100024,13.3567581689548
0.100025,13.368308016835
0.100026,13.3806097754046
0.100027,13.3934005436996
0.100028,13.4064422602665
0.100029,13.4195193536143
0.10003,13.4324366161539
0.100031,13.4450172805175
0.100031000000001,13.4450172805312
0.100032,13.4571437575969
0.100033,13.4688564706615
0.100034,13.4803157310424
0.100035,13.491763837931
0.100036,13.5035155811593
0.100037,13.5159489101716
0.100038,13.5294957719089
0.100039,13.5446331267995
0.10004,13.5618741532495
0.100040000000001,13.5618741532697
0.100040000000002,13.561874153286
0.100041,13.5815499890092
0.100042,13.6034266325782
0.100043,13.6270981200056
0.100044,13.6521966426293
0.100045,13.6783889301121
0.100046,13.7053729793521
0.100047,13.7328750942829
0.100048,13.7606472072087
0.100049,13.7884644550599
0.10005,13.8161229864826
0.100051,13.8434379779587
0.100051000000001,13.8434379779888
0.100052,13.8702646366607
0.100053,13.8965607594683
0.100054,13.9223844051045
0.100055,13.9478763001655
0.100056,13.973251221267
0.100057,13.9987895218885
0.100058,14.0248288011439
0.100059,14.0517557168401
0.10006,14.0799979503277
0.100060000000001,14.0799979503599
0.100061,14.1098375271583
0.100062,14.1410808493865
0.100063,14.1733884561549
0.100064,14.2064526560112
0.100065,14.2399945209754
0.100066,14.2737611685927
0.100067,14.3075233025701
0.100068,14.3410729875857
0.100069,14.3742216361364
0.10007,14.4067981873962
0.100071,14.4386474599452
0.100071000000001,14.4386474599806
0.100072,14.4696399799946
0.100073,14.4997152798314
0.100074,14.5289036115724
0.100075,14.557320900307
0.100076,14.5851603344507
0.100077,14.6126840736224
0.100078,14.6402150698948
0.100079,14.6681290041361
0.10008,14.6968463440235
0.100080000000001,14.6968463440559
0.100081,14.7266540624023
0.100082,14.7573887532463
0.100083,14.7887470660704
0.100084,14.8204540499961
0.100085,14.8522604747077
0.100086,14.8839404078749
0.100087,14.9152890230328
0.100088,14.9461206161578
0.100089,14.9762668112093
0.10009,15.0055749367678
0.100091,15.0339065575953
0.100091000000001,15.0339065576262
0.100092,15.0611644909911
0.100093,15.0873661998364
0.100094,15.1126321573929
0.100095,15.1371630348841
0.100096,15.1612311890788
0.100097,15.1851722571809
0.100098,15.2093768601871
0.100099,15.234282421943
0.1001,15.2603651159634
0.100100000000001,15.2603651159931
0.100101,15.2879421410077
0.100102,15.3168225205638
0.100103,15.3466587370744
0.100104,15.3771358427492
0.100105,15.4079683891973
0.100106,15.4388976503837
0.100107,15.4696891095762
0.100108,15.5001301853839
0.100109,15.5300281742963
0.10011,15.5592083892548
0.100111,15.587512475726
0.100111000000001,15.5875124757569
0.100112,15.6148441420982
0.100113,15.6412740712528
0.100114,15.6669881142838
0.100115,15.6922440437938
0.100116,15.7173632157384
0.100117,15.7427223389023
0.100118,15.7687453601084
0.100119,15.7958954752179
0.10012,15.8246672805644
0.100120000000001,15.8246672805973
0.100121,15.8553770774463
0.100122,15.8877949523091
0.100123,15.9215251104307
0.100124,15.9562087326422
0.100125,15.9915204906604
0.100126,16.0271653956944
0.100127,16.0628759469857
0.100128,16.0984095521066
0.100129,16.1335461934266
0.10013,16.1680863175458
0.100131,16.2018489266545
0.100131000000001,16.2018489266915
0.100132,16.234710675944
0.100133,16.266698371286
0.100134,16.2979480099157
0.100135,16.3286679630821
0.100136,16.3591309742339
0.100137,16.3896662542273
0.100138,16.4206516876161
0.100139,16.452506150635
0.10014,16.4856819534603
0.100140000000001,16.485681953498
0.100141,16.5204674349285
0.100142,16.5566398827754
0.100143,16.5938214347176
0.100144,16.6316693203823
0.100145,16.6698725692351
0.100146,16.7081490352226
0.100147,16.7462427060389
0.100148,16.7839212704061
0.100149,16.820973919145
0.10015,16.8572093580191
0.100151,16.8924540123366
0.100151000000001,16.8924540123756
0.100152,16.9265726794241
0.100153,16.9595297774524
0.100154,16.9913873020518
0.100155,17.0222880256823
0.100156,17.0524474463708
0.100157,17.0821458087061
0.100158,17.1117202109899
0.100159,17.141556797443
0.10016,17.1720830447797
0.100160000000001,17.1720830448141
0.100161,17.2035826015318
0.100162,17.235867291247
0.100163,17.2686036515125
0.100164,17.3014891307591
0.100165,17.3342492360853
0.100166,17.3666349572814
0.100167,17.3984204383898
0.100168,17.4294008734798
0.100169,17.4593906053198
0.10017,17.4882214074745
0.100171,17.5157409320549
0.100171000000001,17.5157409320843
0.100171000000002,17.5157409321081
0.100172,17.5418318126844
0.100173,17.5664720343222
0.100174,17.5897402193154
0.100175,17.6118014240031
0.100176,17.6328985459226
0.100177,17.6533437714105
0.100178,17.6735101039837
0.100179,17.6938229536001
0.10018,17.7147518338845
0.100180000000001,17.7147518339082
0.100181,17.7366140861229
0.100182,17.7592269328526
0.100183,17.7822525379021
0.100184,17.8053845385147
0.100185,17.828345205825
0.100186,17.8508828767751
0.100187,17.8727696287664
0.100188,17.8937991740796
0.100189,17.9137849529256
0.10019,17.9325584057538
0.100191,17.9499674070807
0.100191000000001,17.9499674070993
0.100192,17.9659100546318
0.100193,17.980421618805
0.100194,17.9936521845741
0.100195,18.0058371063883
0.100196,18.0172878502933
0.100197,18.0283828699837
0.100198,18.0395585791083
0.100199,18.0513004144407
0.1002,18.0641340094822
0.100200000000001,18.0641340094972
0.100201,18.078407419851
0.100202,18.0939072301562
0.100203,18.1102471152841
0.100204,18.1270766249746
0.100205,18.1440780012366
0.100206,18.1609632928449
0.100207,18.177471735848
0.100208,18.1933673757447
0.100209,18.2084369086822
0.10021,18.2224877207143
0.100211,18.2353461058153
0.100211000000001,18.2353461058289
0.100212,18.2468971208837
0.100213,18.2571821484994
0.100214,18.2663636232124
0.100215,18.274688638964
0.100216,18.2824795768859
0.100217,18.2901247701394
0.100218,18.2980692792156
0.100219,18.3068057449852
0.10022,18.3168654162182
0.100220000000001,18.3168654162303
0.100221,18.3285943829705
0.100222,18.3417598972108
0.100223,18.355951829367
0.100224,18.3707979165399
0.100225,18.3859604638131
0.100226,18.4011333482249
0.100227,18.4160392936475
0.100228,18.4304273925198
0.100229,18.4440708517529
0.10023,18.4567649416185
0.100231,18.4683251279477
0.100231000000001,18.46832512796
0.100232,18.4786157810272
0.100233,18.4876287705737
0.100234,18.4954709581514
0.100235,18.5023394744915
0.100236,18.508512284799
0.100237,18.5143387686611
0.100238,18.5202303358314
0.100239,18.5266511632604
0.10024,18.5341090466989
0.100240000000001,18.5341090467079
0.100241,18.5429401344794
0.100242,18.5529291098498
0.100243,18.5636907894184
0.100244,18.5748756620736
0.100245,18.5861668559477
0.100246,18.5972773762018
0.100247,18.6079475842855
0.100248,18.6179428974404
0.100249,18.6270516882947
0.10025,18.6350833656612
0.100251,18.6418666189893
0.100251000000001,18.641866618996
0.100251000000002,18.6418666190015
0.100252,18.6472681990917
0.100253,18.6512555597868
0.100254,18.6539069809062
0.100255,18.6553980039024
0.100256,18.6559915999446
0.100257,18.656028325452
0.100258,18.6559165826471
0.100259,18.6561229664032
0.10026,18.6571627229855
0.100260000000001,18.6571627229872
0.100261,18.6593857240325
0.100262,18.6625975322869
0.100263,18.6664345337395
0.100264,18.6705669954441
0.100265,18.6746962315297
0.100266,18.6785520101271
0.100267,18.6818901754207
0.100268,18.684490466921
0.100269,18.686154518807
0.10027,18.6867040231861
0.100271,18.6859790422332
0.100271000000001,18.6859790422317
0.100272,18.6838625211588
0.100273,18.68035405441
0.100274,18.6755708379855
0.100275,18.6697284538285
0.100276,18.6631305002739
0.100277,18.6561582774818
0.100278,18.6492606792745
0.100279,18.6429441287225
0.10028,18.6377626376049
0.100280000000001,18.6377626375999
0.100281,18.6340906512525
0.100282,18.631721665871
0.100283,18.6302687492026
0.100284,18.6293808484834
0.100285,18.628739784874
0.100286,18.6280574968055
0.100287,18.6270735075004
0.100288,18.6255525994623
0.100289,18.6232826791491
0.10029,18.6200728157933
0.100291,18.6157514392751
0.100291000000001,18.6157514392696
0.100292,18.6102017326432
0.100293,18.6034544010257
0.100294,18.5956665212438
0.100295,18.5870905412687
0.100296,18.5780637942143
0.100297,18.5689980581609
0.100298,18.5603692600476
0.100299,18.552707315964
0.1003,18.546586133852
0.100300000000001,18.5465861338462
0.100301,18.5423855617038
0.100302,18.5398722228121
0.100303,18.5386236848083
0.100304,18.5382565000933
0.100305,18.5384229017276
0.100306,18.5388077771477
0.100307,18.5391258929232
0.100308,18.5391193513674
0.100309,18.538555260235
0.10031,18.5372235975306
0.100311,18.5349352544487
0.100311000000001,18.5349352544455
0.100312,18.531556971117
0.100313,18.5271028855772
0.100314,18.5217129454749
0.100315,18.5156220083843
0.100316,18.5091494782943
0.100317,18.5026889937813
0.100318,18.4966982549013
0.100319,18.491689038512
0.10032,18.4882173002755
0.100320000000001,18.4882173002727
0.100320000000002,18.4882173002704
0.100321,18.4866488215898
0.100322,18.4867466086964
0.100323,18.4880883194613
0.100324,18.4902906309459
0.100325,18.4930059049453
0.100326,18.4959191401423
0.100327,18.4987451824894
0.100328,18.5012261732344
0.100329,18.5031292146935
0.10033,18.5042442348609
0.100331,18.5043820330927
0.100331000000001,18.5043820330923
0.100331000000002,18.5043820330919
0.100332,18.5034002963552
0.100333,18.5012797030121
0.100334,18.4981203572796
0.100335,18.4941203976391
0.100336,18.4895657235234
0.100337,18.4848197660022
0.100338,18.4803133884168
0.100339,18.4765349088213
0.10034,18.4740202675333
0.100340000000001,18.4740202675314
0.100341,18.4731272359192
0.100342,18.4736366851894
0.100343,18.4751512972449
0.100344,18.4773106335017
0.100345,18.479787979621
0.100346,18.4822874626553
0.100347,18.4845414129443
0.100348,18.4863079507409
0.100349,18.4873687783907
0.10035,18.4875271599594
0.100351,18.4866060714039
0.100351000000001,18.4866060714022
0.100352,18.4844720658131
0.100353,18.4811081273168
0.100354,18.4766157111168
0.100355,18.4711959618598
0.100356,18.4651393324551
0.100357,18.4588152425977
0.100358,18.4526618560667
0.100359,18.4471759890545
0.10036,18.4429032162238
0.100360000000001,18.4429032162198
0.100361,18.4402108326781
0.100362,18.4388866216445
0.100363,18.438538827386
0.100364,18.4388121274439
0.100365,18.4393845085256
0.100366,18.4399644108562
0.100367,18.4402881140626
0.100368,18.4401173449643
0.100369,18.4392370884799
0.10037,18.4374535839264
0.100371,18.4345924901691
0.100371000000001,18.4345924901653
0.100372,18.430530491461
0.100373,18.425281684518
0.100374,18.4189842929247
0.100375,18.4118737149102
0.100376,18.4042720456037
0.100377,18.3965776558634
0.100378,18.3892549106665
0.100379,18.382824021379
0.10038,18.377851055748
0.100380000000001,18.3778510557434
0.100381,18.3747127782391
0.100382,18.3731820182562
0.100383,18.3728452113692
0.100384,18.373327158935
0.100385,18.3742877166567
0.100386,18.3754187694919
0.100387,18.3764414647912
0.100388,18.3771036827809
0.100389,18.3771777243673
0.10039,18.3764581973475
0.100391,18.3747600833392
0.100391000000001,18.3747600833367
0.100392,18.3719558865892
0.100393,18.368071107305
0.100394,18.3632584740488
0.100395,18.3577647866978
0.100396,18.3519205515124
0.100397,18.3461296859977
0.100398,18.3408593662973
0.100399,18.3366300141856
0.1004,18.3340053966466
0.100400000000001,18.3340053966447
0.100401,18.3333558666324
0.100402,18.3344414053579
0.100403,18.3368344577108
0.100404,18.3401470592365
0.100405,18.3440273997396
0.100406,18.3481566884878
0.100407,18.3522462911956
0.100408,18.3560351164158
0.100409,18.3592872299655
0.10041,18.3617896772364
0.100411,18.3633504945628
0.100411000000001,18.363350494564
0.100411000000002,18.3633504945649
0.100412,18.3638319188314
0.100413,18.3632385311111
0.100414,18.3616983388596
0.100415,18.3594335355934
0.100416,18.3567503178639
0.100417,18.3540288293342
0.100418,18.3517131908781
0.100419,18.3503016458651
0.10042,18.3503368711333
0.100420000000001,18.3503368711343
0.100421,18.3521761867455
0.100422,18.3555866784186
0.100423,18.36015401564
0.100424,18.3655022697204
0.100425,18.3712905839391
0.100426,18.3772101382653
0.100427,18.3829813788095
0.100428,18.3883514897402
0.100429,18.3930920864878
0.10043,18.3969971103385
0.100431,18.3998809058834
0.100431000000001,18.399880905886
0.100432,18.4016057116669
0.100433,18.4021599337344
0.100434,18.4016510587385
0.100435,18.4002826719335
0.100436,18.39834434511
0.100437,18.3962015709808
0.100438,18.3942858234378
0.100439,18.3930847361648
0.10044,18.3931324218316
0.100440000000001,18.3931324218325
0.100441,18.3947846550653
0.100442,18.3978220016902
0.100443,18.4018475310529
0.100444,18.406501185796
0.100445,18.4114566004191
0.100446,18.4164181996865
0.100447,18.4211185482162
0.100448,18.425315930055
0.100449,18.4287921380933
0.10045,18.4313504544192
0.100451,18.432813804025
0.100451000000001,18.432813804026
0.100452,18.4330539196327
0.100453,18.4320727644099
0.100454,18.4299928069964
0.100455,18.4270324830762
0.100456,18.4234959547126
0.100457,18.4197629504605
0.100458,18.4162787820195
0.100459,18.4135444368726
0.10046,18.4121068080047
0.100460000000001,18.4121068080039
0.100460000000002,18.4121068080033
0.100461,18.4123304334435
0.100462,18.4139947409806
0.100463,18.416698508878
0.100464,18.4200777615065
0.100465,18.423802563339
0.100466,18.4275740926167
0.100467,18.4311219664355
0.100468,18.4342017963757
0.100469,18.4365929547557
0.10047,18.4380965327603
0.100471,18.4385334729682
0.100471000000001,18.438533472968
0.100472,18.4377795794076
0.100473,18.4358569585475
0.100474,18.4329122257665
0.100475,18.4291856539731
0.100476,18.4250009530766
0.100477,18.420755102057
0.100478,18.416908315883
0.100479,18.4139741414495
0.10048,18.4125097061216
0.100480000000001,18.4125097061209
0.100481,18.4128825831835
0.100482,18.4148602188718
0.100483,18.4180253891153
0.100484,18.421999492242
0.100485,18.426439222755
0.100486,18.4310335355001
0.100487,18.4355008712216
0.100488,18.4395866219995
0.100489,18.4430608159739
0.10049,18.445716001917
0.100491,18.4473653154808
0.100491000000001,18.447365315482
0.100492,18.4478783748373
0.100493,18.4472738772025
0.100494,18.4456950792192
0.100495,18.4433777808204
0.100496,18.440640205346
0.100497,18.437872929482
0.100498,18.4355289414623
0.100499,18.4341138766034
0.1005,18.4341763398559
0.100500000000001,18.4341763398569
0.100501,18.4360764497605
0.100502,18.4395784337455
0.100503,18.4442634696676
0.100504,18.4497514596756
0.100505,18.4556976999463
0.100506,18.4617898424303
0.100507,18.4677451191506
0.100508,18.4733078072983
0.100509,18.4782469143047
0.10051,18.4823540632297
0.100511,18.4854415600919
0.100511000000001,18.4854415600947
0.100512,18.4873736104949
0.100513,18.4881506858295
0.100514,18.4878942174948
0.100515,18.4868195255314
0.100516,18.4852257774315
0.100517,18.4834859885369
0.100518,18.482037149282
0.100519,18.4813704712661
0.10052,18.4820217753543
0.100520000000001,18.4820217753559
0.100521,18.4843452487028
0.100522,18.4881145983352
0.100523,18.4929248090829
0.100524,18.4984083653892
0.100525,18.5042320437097
0.100526,18.5100939851457
0.100527,18.5157210195968
0.100528,18.5208662204865
0.100529,18.5253066700139
0.10053,18.5288414160304
0.100531,18.5312896028875
0.100531000000001,18.5312896028896
0.100532,18.5325191462635
0.100533,18.5325269442204
0.100534,18.5314293841486
0.100535,18.5294381518516
0.100536,18.5268501364891
0.100537,18.524037367392
0.100538,18.5214370760088
0.100539,18.5195418430706
0.10054,18.5188899393919
0.100540000000001,18.518889939392
0.100541,18.5198397957488
0.100542,18.5221718324797
0.100543,18.5254880116501
0.100544,18.5294271877177
0.100545,18.533661967021
0.100546,18.5378958385965
0.100547,18.5418605486212
0.100548,18.5453136984401
0.100549,18.548036546956
0.10055,18.5498319992197
0.100551,18.5505227642472
0.100551000000001,18.5505227642473
0.100552,18.5499830600465
0.100553,18.5482242760862
0.100554,18.5453798307688
0.100555,18.541677852553
0.100556,18.5374309884811
0.100557,18.5330262489084
0.100558,18.5289149829956
0.100559,18.525602975894
0.10056,18.523640692367
0.100560000000001,18.5236406923657
0.100561,18.5233933961161
0.100562,18.5246359253115
0.100563,18.5269610246029
0.100564,18.5299991244873
0.100565,18.533415135517
0.100566,18.5369055178114
0.100567,18.5401955982327
0.100568,18.5430371152218
0.100569,18.5452059720114
0.10057,18.5465001799287
0.100571,18.5467379746524
0.100571000000001,18.546737974652
0.100572,18.5457927685755
0.100573,18.5436843253267
0.100574,18.5405567005677
0.100575,18.5366473592614
0.100576,18.5322769798913
0.100577,18.5278393027167
0.100578,18.5237911126301
0.100579,18.5206423491179
0.10058,18.5189463128475
0.100580000000001,18.5189463128466
0.100581,18.5190676504865
0.100582,18.5207735188732
0.100583,18.52364718361
0.100584,18.5273104064495
0.100585,18.5314201670426
0.100586,18.5356656670177
0.100587,18.5397655881621
0.100588,18.5434655842299
0.100589,18.5465359866039
0.10059,18.5487697050396
0.100591,18.5499803058749
0.100591000000001,18.5499803058756
0.100592,18.5500354691168
0.100593,18.5489453963857
0.100594,18.5468433357133
0.100595,18.5439561184445
0.100596,18.5405940042082
0.100597,18.5371406508808
0.100598,18.5340431552457
0.100599,18.5318021987325
0.1006,18.5309623594774
0.100600000000001,18.5309623594774
0.100601,18.5318826084383
0.100602,18.534332025936
0.100603,18.537898185541
0.100604,18.5422067721952
0.100605,18.5469183401652
0.100606,18.5517253508779
0.100607,18.5563494623494
0.100608,18.5605390497622
0.100609,18.5640669374903
0.10061,18.5667283238811
0.100611,18.5683388812805
0.100611000000001,18.5683388812817
0.100612,18.5687647666855
0.100613,18.5680051380329
0.100614,18.5661798225638
0.100615,18.5635036364702
0.100616,18.5602762587846
0.100617,18.5568721390578
0.100618,18.5537305329914
0.100619,18.5513456564458
0.10062,18.5502569822323
0.100620000000001,18.5502569822319
0.100621,18.5508224566614
0.100622,18.5528185590936
0.100623,18.5558424649685
0.100624,18.5595286315829
0.100625,18.5635456350129
0.100626,18.5675932788677
0.100627,18.5713999472356
0.100628,18.5747201819748
0.100629,18.5773324652346
0.10063,18.579037189087
0.100631,18.5796547953053
0.100631000000001,18.5796547953054
0.100632,18.5790557316746
0.100633,18.5772431017594
0.100634,18.574341004
0.100635,18.5705690394806
0.100636,18.5662321312578
0.100637,18.5617103259002
0.100638,18.5574487745621
0.100639,18.5539478368803
0.10064,18.5517533012863
0.100640000000001,18.5517533012847
0.100641,18.5512281014689
0.100642,18.5521497035204
0.100643,18.5541148778912
0.100644,18.5567577185652
0.100645,18.5597464784103
0.100646,18.5627806749697
0.100647,18.5655884394538
0.100648,18.5679240893865
0.100649,18.5695659060328
0.10065,18.5703140986977
0.100651,18.5699889391021
0.100651000000001,18.5699889391011
0.100652,18.5684636439814
0.100653,18.5657521503095
0.100654,18.5619916319076
0.100655,18.5574138971223
0.100656,18.5523351460764
0.100657,18.5471457678721
0.100658,18.5423002718317
0.100659,18.5383073443547
0.10066,18.5357200562761
0.100660000000001,18.5357200562741
0.100661,18.5349044610717
0.100662,18.535631860205
0.100663,18.5374902730104
0.100664,18.5401058034298
0.100665,18.543139404462
0.100666,18.546283919424
0.100667,18.5492613724159
0.100668,18.5518204880745
0.100669,18.5537344213538
0.10067,18.5547986790292
0.100671,18.5548292157359
0.100671000000001,18.5548292157353
0.100672,18.5536964444462
0.100673,18.5514148200163
0.100674,18.5481226723787
0.100675,18.5440522970978
0.100676,18.5395197441403
0.100677,18.534914647904
0.100678,18.5306901829725
0.100679,18.5273532010804
0.10068,18.5254544534783
0.100680000000001,18.5254544534771
0.100681,18.5253571369604
0.100682,18.5268292778536
0.100683,18.5294557295597
0.100684,18.5328597033133
0.100685,18.5366995040846
0.100686,18.5406655471591
0.100687,18.5444776273011
0.100688,18.5478824201776
0.100689,18.5506511964175
0.10069,18.5525777296666
0.100691,18.553476381146
0.100691000000001,18.5534763811464
0.100692,18.5532140038784
0.100693,18.5517957947349
0.100694,18.5493491840835
0.100695,18.5460961266746
0.100696,18.5423429360967
0.100697,18.5384701596157
0.100698,18.5349225842849
0.100699,18.5321993660145
0.1007,18.5308443058483
0.100700000000001,18.5308443058476
0.100701,18.5312169843462
0.100702,18.5330893951665
0.100703,18.5360525504075
0.100704,18.5397352860952
0.100705,18.543801045397
0.100706,18.5479449388437
0.100707,18.5518910535763
0.100708,18.5553899914284
0.100709,18.5582166163831
0.10071,18.5601679929561
0.100711,18.5610614982131
0.100711000000001,18.5610614982135
0.100712,18.560764978685
0.100713,18.5592796812161
0.100714,18.5567279633113
0.100715,18.5533275215989
0.100716,18.5493812130307
0.100717,18.5452669120189
0.100718,18.5414274972099
0.100719,18.5383609259019
0.10072,18.5366105140849
0.100720000000001,18.5366105140838
0.100720000000002,18.5366105140829
0.100721,18.5365370794739
0.100722,18.5379168653438
0.100723,18.5403457704726
0.100724,18.5434571000498
0.100725,18.5469183876413
0.100726,18.5504284899623
0.100727,18.55371492689
0.100728,18.5565314468693
0.100729,18.5586557985827
0.10073,18.5598876907547
0.100731,18.5600469231066
0.100731000000001,18.5600469231062
0.100732,18.5590047368586
0.100733,18.5567689273196
0.100734,18.5534694592409
0.100735,18.5493314057608
0.100736,18.5446647621789
0.100737,18.5398542985576
0.100738,18.5353494793206
0.100739,18.5316545330157
0.10074,18.5293186697787
0.100740000000001,18.529318669777
0.100741,18.5287062265752
0.100742,18.5295914577259
0.100743,18.5315666502803
0.100744,18.5342618154774
0.100745,18.53734148156
0.100746,18.5405017614622
0.100747,18.5434676678097
0.100748,18.5459906553433
0.100749,18.5478463715684
0.10075,18.5488325974173
0.100751,18.5487673608436
0.100751000000001,18.5487673608429
0.100751000000002,18.5487673608423
0.100752,18.5475222749677
0.100753,18.5451110417835
0.100754,18.5416708637845
0.100755,18.5374333061636
0.100756,18.5327140698177
0.100757,18.5279028075227
0.100758,18.5234530742865
0.100759,18.5198724041009
0.10076,18.5177125376044
0.100760000000001,18.5177125376029
0.100761,18.5173380575531
0.100762,18.5185187810038
0.100763,18.5208413567025
0.100764,18.523930646607
0.100765,18.5274464719833
0.100766,18.531080639181
0.100767,18.5345542171282
0.100768,18.537615046286
0.100769,18.5400354595134
0.10077,18.5416101962821
0.100771,18.542154492833
0.100771000000001,18.542154492833
0.100772,18.5415371600213
0.100773,18.5397685107012
0.100774,18.5369820138054
0.100775,18.5334053038598
0.100776,18.5293499731382
0.100777,18.5252014898866
0.100778,18.5214091887333
0.100779,18.518476367642
0.10078,18.5169505525238
0.100780000000001,18.516950552523
0.100781,18.5171932429617
0.100782,18.5189742405679
0.100783,18.5218811880565
0.100784,18.5255398517359
0.100785,18.5296108741154
0.100786,18.5337868064904
0.100787,18.5377893933477
0.100788,18.5413670881955
0.100789,18.5442927811577
0.10079,18.5463617196912
0.100791,18.5473896049517
0.100791000000001,18.5473896049522
0.100792,18.5472438779103
0.100793,18.545928531674
0.100794,18.5435693511994
0.100795,18.5403868935963
0.100796,18.5366863233935
0.100797,18.5328472870064
0.100798,18.5293139176641
0.100799,18.5265849622497
0.1008,18.5252040542888
0.100800000000001,18.5252040542881
0.100800000000002,18.5252040542876
0.100801,18.5255312176172
0.100802,18.5273400607326
0.100803,18.5302234816504
0.100804,18.5338120460731
0.100805,18.5377707822583
0.100806,18.5417962519905
0.100807,18.5456138697458
0.100808,18.5489754498878
0.100809,18.551656962481
0.10081,18.5534564793259
0.100811,18.5541922929858
0.100811000000001,18.554192292986
0.100812,18.5537337781028
0.100813,18.5520855625113
0.100814,18.5493738810342
0.100815,18.5458200734807
0.100816,18.5417304102495
0.100817,18.5374859081281
0.100818,18.5335323253041
0.100819,18.5303702777085
0.10082,18.5285454754588
0.100820000000001,18.5285454754576
0.100821,18.5284199643106
0.100822,18.5297687911072
0.100823,18.5321859933099
0.100824,18.5353031799649
0.100825,18.5387863367584
0.100826,18.5423329055453
0.100827,18.5456691106878
0.100828,18.5485475122348
0.100829,18.5507447667004
0.10083,18.5520595771993
0.100831,18.5523108158498
0.100831000000001,18.5523108158494
0.100831000000002,18.5523108158491
0.100832,18.551369791665
0.100833,18.5492468945944
0.100834,18.5460751901008
0.100835,18.5420824354062
0.100836,18.5375808668414
0.100837,18.5329570274046
0.100838,18.5286617268869
0.100839,18.5252001262117
0.10084,18.5231219705453
0.100840000000001,18.5231219705439
0.100841,18.5227912499478
0.100842,18.523980257361
0.100843,18.5262789417607
0.100844,18.529315178575
0.100845,18.5327515425161
0.100846,18.5362823576065
0.100847,18.5396309966084
0.100848,18.5425474097526
0.100849,18.5448058633762
0.10085,18.5462028700677
0.100851,18.5465552930704
0.100851000000001,18.5465552930702
0.100852,18.5457335180461
0.100853,18.5437495873387
0.100854,18.5407387661904
0.100855,18.5369305446465
0.100856,18.532638438382
0.100857,18.5282498321656
0.100858,18.524215938696
0.100859,18.5210419088079
0.10086,18.5192771488656
0.100860000000001,18.5192771488645
0.100861,18.5192845915475
0.100862,18.5208342698538
0.100863,18.5235136572205
0.100864,18.5269483652388
0.100865,18.5307988962889
0.100866,18.534757675728
0.100867,18.5385463355824
0.100868,18.5419132294294
0.100869,18.5446311588758
0.10087,18.5464952930447
0.100871,18.5473212636421
0.100871000000001,18.5473212636424
0.100872,18.5469774629086
0.100873,18.5454715992202
0.100874,18.5429338732073
0.100875,18.5395888758664
0.100876,18.5357454172043
0.100877,18.5317863958056
0.100878,18.5281588000514
0.100879,18.5253638327994
0.10088,18.5239471838001
0.100880000000001,18.5239471837994
0.100881,18.5242696263898
0.100882,18.5261027454759
0.100883,18.5290366581671
0.100884,18.5326993875273
0.100885,18.5367536364685
0.100886,18.5408938396061
0.100887,18.5448434650492
0.100888,18.5483525458604
0.100889,18.551195421657
0.10089,18.5531686718381
0.100891,18.5540892230899
0.100891000000001,18.5540892230903
0.100892,18.5538255392919
0.100893,18.5523822954348
0.100894,18.5498859044012
0.100895,18.5465576266152
0.100896,18.5427033983338
0.100897,18.5387036979175
0.100898,18.5350035425363
0.100899,18.532102573081
0.1009,18.5305453475457
0.100900000000001,18.5305453475449
0.100901,18.5306928044527
0.100902,18.5323191207224
0.100903,18.5350175723701
0.100904,18.5384190681928
0.100905,18.5421889498811
0.100906,18.5460240673294
0.100907,18.5496501013624
0.100908,18.5528191138274
0.100909,18.5553073057337
0.10091,18.556912965127
0.100911,18.557454587542
0.100911000000001,18.5574545875419
0.100912,18.5568024056105
0.100913,18.5549637203738
0.100914,18.5520679504167
0.100915,18.5483393381966
0.100916,18.5440867914761
0.100917,18.5396937636447
0.100918,18.5356082008509
0.100919,18.5323326385742
0.10092,18.5304144452232
0.100920000000001,18.5304144452219
0.100921,18.5302163978304
0.100922,18.5315122618585
0.100923,18.5338942281411
0.100924,18.5369922157486
0.100925,18.5404706643419
0.100926,18.5440256019367
0.100927,18.5473819603776
0.100928,18.5502911185295
0.100929,18.5525286539042
0.10093,18.5538922844316
0.100931,18.5541999832311
0.100931000000001,18.5541999832308
0.100932,18.553322591012
0.100933,18.5512710161559
0.100934,18.5481790309618
0.100935,18.544274896017
0.100936,18.5398711555154
0.100937,18.5353544733069
0.100938,18.5311756017006
0.100939,18.5278394747852
0.10094,18.5258954507963
0.100940000000001,18.525895450795
0.100941,18.5257069166749
0.100942,18.5270452980822
0.100943,18.5294996534197
0.100944,18.5326970401983
0.100945,18.536299282376
0.100946,18.5400000154619
0.100947,18.5435219815229
0.100948,18.546614553947
0.100949,18.5490514725259
0.10095,18.5506287704102
0.100951,18.5511628756387
0.100951000000001,18.5511628756387
0.100952,18.5505233310256
0.100953,18.5487201192293
0.100954,18.5458860812108
0.100955,18.5422484102918
0.100956,18.5381184184657
0.100957,18.5338813864089
0.100958,18.5299865893977
0.100959,18.5269374025889
0.10096,18.5252815508193
0.100960000000001,18.5252815508184
0.100961,18.525381036322
0.100962,18.5270067394966
0.100963,18.5297474895413
0.100964,18.533230132424
0.100965,18.5371162960104
0.100966,18.5410994335712
0.100967,18.5449021176775
0.100968,18.5482735642481
0.100969,18.5509873672299
0.10097,18.5528394253962
0.100971,18.5536460439048
0.100971000000001,18.5536460439051
0.100972,18.5532757537057
0.100973,18.5517350614048
0.100974,18.549152656719
0.100975,18.5457518370334
0.100976,18.5418403328664
0.100977,18.5378001727424
0.100978,18.5340776792811
0.100979,18.5311735880085
0.10098,18.5296333132663
0.100980000000001,18.5296333132655
0.100980000000002,18.5296333132648
0.100981,18.5298178296354
0.100982,18.5314998387365
0.100983,18.5342707886415
0.100984,18.5377599165565
0.100985,18.5416310350364
0.100986,18.5455795946994
0.100987,18.5493299955586
0.100988,18.5526331268389
0.100989,18.5552641158759
0.10099,18.5570202676948
0.100991,18.5577191780277
0.100991000000001,18.5577191780279
0.100992,18.5572301193843
0.100993,18.5555590893403
0.100994,18.5528340243139
0.100995,18.549277718775
0.100996,18.5451976537141
0.100997,18.5409758168119
0.100998,18.5370587025404
0.100999,18.5339474326973
0.101,18.5321879983789
0.101000000000001,18.5321879983778
0.101001,18.532142210389
0.101002,18.5335839250417
0.101003,18.5361057625928
0.101004,18.5393380323376
0.101005,18.5429455287251
0.101006,18.5466246027039
0.101007,18.5501004805687
0.101008,18.553124810303
0.101009,18.5554734161303
0.10101,18.5569442429812
0.101011,18.5573554737323
0.101011000000001,18.5573554737321
0.101011000000002,18.557355473732
0.101012,18.5565775298329
0.101013,18.5546192176124
0.101014,18.5516117786121
0.101015,18.5477811709082
0.101016,18.5434378680792
0.101017,18.538966697481
0.101018,18.5348168105478
0.101019,18.5314917765953
0.10102,18.5295398246823
0.101020000000001,18.529539824681
0.101021,18.5293239849104
0.101022,18.5306169652401
0.101023,18.5330095466468
0.101024,18.5361303595232
0.101025,18.5396426652681
0.101026,18.5432414142342
0.101027,18.5466505522786
0.101028,18.5496205558669
0.101029,18.5519261763947
0.10103,18.5533643753737
0.101031,18.55375243328
0.101031000000001,18.5537524332798
0.101032,18.5529605537314
0.101033,18.5509990269002
0.101034,18.5480009790657
0.101035,18.5441939889751
0.101036,18.5398898891985
0.101037,18.5354746084127
0.101038,18.5313981288533
0.101039,18.5281645931527
0.10104,18.5263226178494
0.101040000000001,18.5263226178483
0.101041,18.5262350076365
0.101042,18.5276730369592
0.101043,18.5302257734976
0.101044,18.5335202821239
0.101045,18.5372183923723
0.101046,18.5410137437926
0.101047,18.5446290812856
0.101048,18.54781378025
0.101049,18.5503415820824
0.10105,18.5520085215674
0.101051,18.5526310288439
0.101051000000001,18.5526310288439
0.101052,18.552078227152
0.101053,18.5503585270574
0.101054,18.5476028988025
0.101055,18.5440367924793
0.101056,18.5399699537762
0.101057,18.5357862802333
0.101058,18.5319338094778
0.101059,18.5289148311618
0.10106,18.5272761469952
0.101060000000001,18.5272761469943
0.101061,18.5273793969384
0.101062,18.5289963081377
0.101063,18.5317168887836
0.101064,18.5351690616279
0.101065,18.5390154386316
0.101066,18.5429503730984
0.101067,18.5466972613645
0.101068,18.5500060738622
0.101069,18.5526510961012
0.10107,18.5544288611072
0.101071,18.5551562560189
0.101071000000001,18.5551562560191
0.101072,18.5547021830663
0.101073,18.5530730617328
0.101074,18.5503974232085
0.101075,18.5468985196113
0.101076,18.5428841428128
0.101077,18.5387364822412
0.101078,18.5349021138932
0.101079,18.5318821119725
0.10108,18.5302222550958
0.101080000000001,18.5302222550948
0.101081,18.5302840024395
0.101082,18.5318405245809
0.101083,18.5344836543356
0.101084,18.5378429814262
0.101085,18.5415826418609
0.101086,18.5453983833511
0.101087,18.5490148789485
0.101088,18.5521832688233
0.101089,18.554678910825
0.10109,18.5562993214687
0.101091,18.5568622901415
0.101091000000001,18.5568622901415
0.101091000000002,18.5568622901415
0.101092,18.5562375675652
0.101093,18.554432453305
0.101094,18.5515764658512
0.101095,18.5478938887392
0.101096,18.5436935546348
0.101097,18.5393587562296
0.101098,18.5353372249798
0.101099,18.5321312123978
0.1011,18.5302877381058
0.101100000000001,18.5302877381046
0.101101,18.5301691523761
0.101102,18.5315487168372
0.101103,18.5340181293955
0.101104,18.5372068577719
0.101105,18.5407789280692
0.101106,18.5444299892004
0.101107,18.547884625421
0.101108,18.5508938969335
0.101109,18.553233089241
0.10111,18.5546996529244
0.101111,18.5551113166616
0.101111000000001,18.5551113166614
0.101112,18.5543383380286
0.101113,18.5523900698197
0.101114,18.549398465616
0.101115,18.5455900838229
0.101116,18.541275888131
0.101117,18.5368410880518
0.101118,18.5327351117285
0.101119,18.5294617026477
0.10112,18.5275691647651
0.101120000000001,18.5275691647639
0.101121,18.5274203637854
0.101122,18.5287873911085
0.101123,18.5312603092455
0.101124,18.5344670924843
0.101125,18.5380704022787
0.101126,18.5417646397023
0.101127,18.5452732471377
0.101128,18.5483462390946
0.101129,18.5507579427589
0.10113,18.5523049298691
0.101131,18.5528041226651
0.101131000000001,18.552804122665
0.101132,18.5521252325902
0.101133,18.5502776210645
0.101134,18.5473933430835
0.101135,18.543698954693
0.101136,18.5395052746155
0.101137,18.5351972289586
0.101138,18.5312238724891
0.101139,18.5280884884925
0.10114,18.5263388326065
0.101140000000001,18.5263388326054
0.101141,18.526337172462
0.101142,18.5278550470296
0.101143,18.530482023005
0.101144,18.5338456209469
0.101145,18.5376080863604
0.101146,18.5414634384661
0.101147,18.5451347687406
0.101148,18.5483717690534
0.101149,18.5509484699395
0.10115,18.5526611705504
0.101151,18.5533265429729
0.101151000000001,18.553326542973
0.101152,18.5528136558708
0.101153,18.5511301002654
0.101154,18.5484058354452
0.101155,18.5448654069205
0.101156,18.5408177631465
0.101157,18.5366461121199
0.101158,18.5327979096279
0.101159,18.5297749707457
0.10116,18.5281237289876
0.101160000000001,18.5281237289867
0.101161,18.5282057768921
0.101162,18.5297934562269
0.101163,18.5324775611971
0.101164,18.5358867330001
0.101165,18.5396842406482
0.101166,18.5435650386786
0.101167,18.5472530738675
0.101168,18.5504988208075
0.101169,18.5530770269319
0.10117,18.5547846485685
0.101171,18.555438960763
0.101171000000001,18.5554389607631
0.101172,18.5549092640093
0.101173,18.553202481545
0.101174,18.5504477025136
0.101175,18.5468687525133
0.101176,18.5427740074195
0.101177,18.538546245324
0.101178,18.5346326161432
0.101179,18.531534788002
0.10118,18.529799182356
0.101180000000001,18.5297991823549
0.101181,18.5297876526699
0.101182,18.5312733188319
0.101183,18.5338478644309
0.101184,18.537140743615
0.101185,18.540815969258
0.101186,18.544569177184
0.101187,18.5481249386514
0.101188,18.5512343010275
0.101189,18.5536725373045
0.10119,18.5552370861043
0.101191,18.5557456649727
0.101191000000001,18.5557456649726
0.101192,18.5550682184768
0.101193,18.5532129547252
0.101194,18.5503104528909
0.101195,18.5465859885827
0.101196,18.5423493390283
0.101197,18.5379846276556
0.101198,18.5339403005029
0.101199,18.5307192259514
0.1012,18.5288689422864
0.101200000000001,18.5288689422852
0.101201,18.5287519806696
0.101202,18.5301410572078
0.101203,18.5326271271728
0.101204,18.5358389801269
0.101205,18.5394400224203
0.101206,18.5431253361306
0.101207,18.5466189866468
0.101208,18.5496715588283
0.101209,18.5520579023748
0.10121,18.5535750680443
0.101211,18.554040417499
0.101211000000001,18.5540404174989
0.101212,18.5533239366011
0.101213,18.5514348943645
0.101214,18.5485051822175
0.101215,18.5447612417676
0.101216,18.5405138693922
0.101217,18.536148061137
0.101218,18.5321129726469
0.101219,18.5289120273372
0.10122,18.5270932307129
0.101220000000001,18.5270932307118
0.101221,18.5270191636683
0.101222,18.5284617169513
0.101223,18.5310108042425
0.101224,18.5342942634745
0.101225,18.5379746308599
0.101226,18.5417461922206
0.101227,18.545332283753
0.101228,18.5484828220913
0.101229,18.5509720442466
0.10123,18.5525964389927
0.101231,18.5531728524241
0.101231000000001,18.5531728524241
0.101232,18.552570729501
0.101233,18.5507986263382
0.101234,18.5479876375319
0.101235,18.5443633867435
0.101236,18.5402358386313
0.101237,18.5359891510716
0.101238,18.5320716593763
0.101239,18.528985984184
0.10124,18.5272792874535
0.101240000000001,18.5272792874524
0.101241,18.5273135445812
0.101242,18.5288606886625
0.101243,18.5315108762661
0.101244,18.5348921664314
0.101245,18.5386672964747
0.101246,18.5425307350846
0.101247,18.5462059848099
0.101248,18.5494431137815
0.101249,18.5520164972337
0.10125,18.5537227503848
0.101251,18.5543788353959
0.101251000000001,18.554378835396
0.101252,18.5538539602716
0.101253,18.5521554978217
0.101254,18.5494131099669
0.101255,18.545851105628
0.101256,18.5417782559912
0.101257,18.5375776492584
0.101258,18.5336966769423
0.101259,18.5306371432229
0.10126,18.5289454691241
0.101260000000001,18.5289454691231
0.101261,18.5289834123188
0.101262,18.5305236752641
0.101263,18.5331574064328
0.101264,18.5365135707847
0.101265,18.5402557335883
0.101266,18.5440791207773
0.101267,18.5477079279968
0.101268,18.5508928582308
0.101269,18.5534088686229
0.10127,18.5550531081022
0.101271,18.55564302858
0.101271000000001,18.55564302858
0.101271000000002,18.55564302858
0.101272,18.5550482177197
0.101273,18.5532762226565
0.101274,18.5504568925493
0.101275,18.5468147623351
0.101276,18.5426588398
0.101277,18.5383725193452
0.101278,18.5344035639653
0.101279,18.5312541901074
0.10128,18.5294713193167
0.101280000000001,18.5294713193156
0.101281,18.5294170991625
0.101282,18.5308644307151
0.101283,18.5334046268894
0.101284,18.5366668033823
0.101285,18.5403146640101
0.101286,18.5440435623035
0.101287,18.5475778115604
0.101288,18.5506682232834
0.101289,18.5530898546467
0.10129,18.5546399466303
0.101291,18.5551360356142
0.101291000000001,18.5551360356141
0.101292,18.5544480578326
0.101293,18.5525846506952
0.101294,18.5496769274545
0.101295,18.5459506314706
0.101296,18.5417159416265
0.101297,18.5373573175191
0.101298,18.5333234766418
0.101299,18.5301174951333
0.1013,18.5282870565807
0.101300000000001,18.5282870565795
0.101301,18.5281946690448
0.101302,18.5296126914355
0.101303,18.5321316389945
0.101304,18.5353798990661
0.101305,18.5390205100853
0.101306,18.5427482173675
0.101307,18.546286777874
0.101308,18.5493864938504
0.101309,18.5518219559546
0.10131,18.5533899774778
0.101311,18.55390770242
0.101311000000001,18.5539077024199
0.101312,18.5532448687409
0.101313,18.5514103706603
0.101314,18.5485356741332
0.101315,18.5448467920659
0.101316,18.5406541049696
0.101317,18.5363421772659
0.101318,18.5323597546323
0.101319,18.5292098806708
0.10132,18.5274401379273
0.101320000000001,18.5274401379262
0.101321,18.5274128143325
0.101322,18.5288998607232
0.101323,18.5314913532565
0.101324,18.5348152778039
0.101325,18.5385343052868
0.101326,18.5423428442513
0.101327,18.5459643428077
0.101328,18.5491488197926
0.101329,18.5516706057291
0.10133,18.5533262751572
0.101331,18.5539327530584
0.101331000000001,18.5539327530585
0.101332,18.5533594023216
0.101333,18.551614270261
0.101334,18.5488278321038
0.101335,18.5452251474106
0.101336,18.5411156731612
0.101337,18.5368831167465
0.101338,18.5329754207621
0.101339,18.5298948712052
0.10134,18.5281883535073
0.101340000000001,18.5281883535063
0.101341,18.528217761294
0.101342,18.5297553614009
0.101343,18.5323917553169
0.101344,18.5357554083521
0.101345,18.5395094291152
0.101346,18.5433486259207
0.101347,18.5469968122545
0.101348,18.550204341168
0.101349,18.5527458491858
0.10135,18.5544181913171
0.101351,18.5550385499072
0.101351000000001,18.5550385499073
0.101352,18.5544763187506
0.101353,18.552739005392
0.101354,18.5499564086153
0.101355,18.5463529977923
0.101356,18.5422377255944
0.101357,18.5379938790598
0.101358,18.5340690489086
0.101359,18.5309652759307
0.10136,18.5292292858626
0.101360000000001,18.5292292858615
0.101361,18.5292230158317
0.101362,18.5307192040395
0.101363,18.5333090282822
0.101364,18.5366214804757
0.101365,18.5403201508517
0.101366,18.5441002885853
0.101367,18.5476861110295
0.101368,18.5508283414624
0.101369,18.5533019559743
0.10137,18.5549041211165
0.101371,18.5554523050884
0.101371000000001,18.5554523050884
0.101372,18.5548162377074
0.101373,18.5530039569593
0.101374,18.5501458654997
0.101375,18.5464670368008
0.101376,18.5422770232969
0.101377,18.5379597039966
0.101378,18.5339632638696
0.101379,18.5307902965177
0.10138,18.5289880546139
0.101380000000001,18.5289880546128
0.101380000000002,18.5289880546119
0.101381,18.528918833927
0.101382,18.5303552758233
0.101383,18.5328883190712
0.101384,18.5361467376573
0.101385,18.5397939231729
0.101386,18.543524943712
0.101387,18.5470638514684
0.101388,18.5501612189466
0.101389,18.5525918844134
0.10139,18.5541528882176
0.101391,18.5546615827502
0.101391000000001,18.5546615827501
0.101392,18.5539877966807
0.101393,18.5521402332675
0.101394,18.5492501063401
0.101395,18.5455432262584
0.101396,18.5413298066458
0.101397,18.5369943110795
0.101398,18.5329854318109
0.101399,18.5298061577162
0.1014,18.5280040550801
0.101400000000001,18.528004055079
0.101401,18.5279415644477
0.101402,18.5293909219307
0.101403,18.5319424760957
0.101404,18.5352244618342
0.101405,18.5388997779711
0.101406,18.5426630418474
0.101407,18.5462378930293
0.101408,18.5493745260269
0.101409,18.5518474326187
0.10141,18.5534533353779
0.101411,18.5540092951414
0.101411000000001,18.5540092951413
0.101411000000002,18.5540092951413
0.101412,18.55338488601
0.101413,18.5515886004806
0.101414,18.548751466486
0.101415,18.5450990330583
0.101416,18.5409412169544
0.101417,18.5366621900211
0.101418,18.532710335173
0.101419,18.5295883522964
0.10142,18.527843512055
0.101420000000001,18.5278435120539
0.101421,18.5278379341465
0.101422,18.5293437329135
0.101423,18.5319512445435
0.101424,18.5352886922487
0.101425,18.5390189636696
0.101426,18.5428366653546
0.101427,18.5464654264432
0.101428,18.5496554314197
0.101429,18.5521811625192
0.10143,18.5538393333679
0.101431,18.55444699659
0.101431000000001,18.55444699659
0.101432,18.5538735460802
0.101433,18.5521268203404
0.101434,18.5493370302614
0.101435,18.5457290094986
0.101436,18.5416120270803
0.101437,18.5373696396994
0.101438,18.5334496757236
0.101439,18.5303543424825
0.10144,18.5286304284949
0.101440000000001,18.5286304284939
0.101441,18.5286398894851
0.101442,18.5301552330744
0.101443,18.5327672984033
0.101444,18.53610476798
0.101445,18.5398309491113
0.101446,18.5436408320493
0.101447,18.5472583970052
0.101448,18.5504341499144
0.101449,18.5529428675594
0.10145,18.5545815336513
0.101451,18.5551674486276
0.101451000000001,18.5551674486276
0.101452,18.5545701579547
0.101453,18.552797436636
0.101454,18.54997942512
0.101455,18.5463409077115
0.101456,18.5421911001591
0.101457,18.537913563885
0.101458,18.5339561886815
0.101459,18.5308212785349
0.10146,18.5290558043062
0.101460000000001,18.5290558043052
0.101460000000002,18.5290558043043
0.101461,18.5290218674825
0.101462,18.530492139902
0.101463,18.5330576622784
0.101464,18.5363473014991
0.101465,18.5400245337622
0.101466,18.5437845042054
0.101467,18.5473513352061
0.101468,18.5504756632597
0.101469,18.5529323850637
0.10147,18.5545185944274
0.101471,18.5550516927828
0.101471000000001,18.5550516927827
0.101472,18.5544014393037
0.101473,18.5525761521567
0.101474,18.5497065779163
0.101475,18.546018100153
0.101476,18.5418205471144
0.101477,18.5374980390971
0.101478,18.5334989677034
0.101479,18.5303260985364
0.10148,18.5285268218141
0.101480000000001,18.528526821813
0.101481,18.5284634618837
0.101482,18.5299084602823
0.101483,18.5324524960089
0.101484,18.5357241057654
0.101485,18.5393864642275
0.101486,18.5431344410364
0.101487,18.5466919066825
0.101488,18.5498092671801
0.101489,18.5522612081483
0.10149,18.5538446299062
0.101491,18.5543767563459
0.101491000000001,18.5543767563459
0.101492,18.5537272946966
0.101493,18.5519048208093
0.101494,18.5490404104959
0.101495,18.5453597269174
0.101496,18.5411728416591
0.101497,18.5368640509947
0.101498,18.5328818730759
0.101499,18.5297291645868
0.1015,18.5279533614214
0.101500000000001,18.5279533614203
0.101501,18.5279167270005
0.101502,18.5293914405568
0.101503,18.531967872423
0.101504,18.535274277211
0.101505,18.5389735715413
0.101506,18.5427603887722
0.101507,18.5463583828724
0.101508,18.5495177613132
0.101509,18.552013027574
0.10151,18.553640914847
0.101511,18.5542184936844
0.101511000000001,18.5542184936844
0.101512,18.553615267457
0.101513,18.5518394390702
0.101514,18.5490216544337
0.101515,18.5453871542276
0.101516,18.5412455850106
0.101517,18.5369808502149
0.101518,18.5330410929972
0.101519,18.5299288025427
0.10152,18.5281910682684
0.101520000000001,18.5281910682674
0.101521,18.5281899372691
0.101522,18.5296976892284
0.101523,18.5323048913416
0.101524,18.5356399778037
0.101525,18.5393660290601
0.101526,18.5431778279647
0.101527,18.5467991649856
0.101528,18.549980372333
0.101529,18.5524960676042
0.10153,18.5541430885347
0.101531,18.5547386016019
0.101531000000001,18.5547386016019
0.101531000000002,18.554738601602
0.101532,18.5541520785854
0.101533,18.5523913597299
0.101534,18.5495866450667
0.101535,18.5459627750925
0.101536,18.5418290423447
0.101537,18.5375690425706
0.101538,18.5336306406941
0.101539,18.5305160836528
0.10154,18.5287723186992
0.101540000000001,18.5287723186982
0.101541,18.5287613900669
0.101542,18.5302558410987
0.101543,18.5328465791074
0.101544,18.5361623490104
0.101545,18.5398665153411
0.101546,18.5436541208923
0.101547,18.5472491941543
0.101548,18.550402285442
0.101549,18.5528882123249
0.10155,18.5545039959689
0.101551,18.5550669711544
0.101551000000001,18.5550669711544
0.101552,18.5544467740137
0.101553,18.5526514316498
0.101554,18.5498113490914
0.101555,18.5461515824699
0.101556,18.5419816483799
0.101557,18.5376853728114
0.101558,18.5337108718597
0.101559,18.5305606557435
0.10156,18.5287818806048
0.101560000000001,18.5287818806037
0.101561,18.5287367414244
0.101562,18.5301977943735
0.101563,18.5327559045544
0.101564,18.5360397785421
0.101565,18.5397127461185
0.101566,18.5434698186174
0.101567,18.5470349960501
0.101568,18.5501588029179
0.101569,18.552616033329
0.10157,18.5542036870359
0.101571,18.5547390791591
0.101571000000001,18.5547390791591
0.101572,18.5540919350281
0.101573,18.5522706658826
0.101574,18.5494061396358
0.101575,18.5457238396587
0.101576,18.5415336729163
0.101577,18.53721981792
0.101578,18.5332307046023
0.101579,18.530069083348
0.10158,18.5282823065664
0.101580000000001,18.5282823065653
0.101581,18.5282327074069
0.101582,18.5296926568868
0.101583,18.5322527079056
0.101584,18.535541281923
0.101585,18.5392214481818
0.101586,18.5429879797705
0.101587,18.5465646586848
0.101588,18.5497018097777
0.101589,18.5521740442011
0.10159,18.5537781939408
0.101591,18.5543314201964
0.101591000000001,18.5543314201964
0.101592,18.5537033386599
0.101593,18.5519023420034
0.101594,18.5490593270383
0.101595,18.545399735741
0.101596,18.5412334013983
0.101597,18.5369444353533
0.101598,18.532981182233
0.101599,18.5298463250677
0.1016,18.5280871382494
0.101600000000001,18.5280871382484
0.101601,18.5280657884174
0.101602,18.5295545130818
0.101603,18.5321437873689
0.101604,18.5354619615093
0.101605,18.5391720393837
0.101606,18.5429687340129
0.101607,18.5465757721369
0.101608,18.5497434277579
0.101609,18.5522462652419
0.10161,18.5538810735706
0.101611,18.5544649744845
0.101611000000001,18.5544649744845
0.101612,18.553867466509
0.101613,18.5520966039675
0.101614,18.5492828486196
0.101615,18.5456512774345
0.101616,18.5415113937999
0.101617,18.5372469784876
0.101618,18.5333060724162
0.101619,18.5301910827813
0.10162,18.5284490370046
0.101620000000001,18.5284490370036
0.101621,18.5284419788504
0.101622,18.52994230465
0.101623,18.5325407288577
0.101624,18.5358658202053
0.101625,18.5395807821536
0.101626,18.5433805101283
0.101627,18.5469888976921
0.101628,18.5501563715362
0.101629,18.552657635894
0.10163,18.5542896079772
0.101631,18.5548695271863
0.101631000000001,18.5548695271863
0.101632,18.5542669423864
0.101633,18.5524897967343
0.101634,18.5496684052907
0.101635,18.546027750818
0.101636,18.5418772476141
0.101637,18.537600587274
0.101638,18.5336457618264
0.101639,18.5305151639703
0.10164,18.5287558300863
0.101640000000001,18.5287558300852
0.101640000000002,18.5287558300844
0.101641,18.5287298612509
0.101642,18.5302097954018
0.101643,18.5327865056213
0.101644,18.5360887056418
0.101645,18.5397797316134
0.101646,18.5435546005048
0.101647,18.5471373173034
0.101648,18.5502784109138
0.101649,18.552752679368
0.10165,18.5543571259602
0.101651,18.5549090690696
0.101651000000001,18.5549090690696
0.101652,18.5542781785126
0.101653,18.5524726492665
0.101654,18.5496230894165
0.101655,18.5459547412049
0.101656,18.5417772899431
0.101657,18.5374747126079
0.101658,18.5334952582769
0.101659,18.5303415519603
0.10166,18.5285608462974
0.101660000000001,18.5285608462963
0.101661,18.5285153694267
0.101662,18.5299775742707
0.101663,18.5325381856799
0.101664,18.5358257821215
0.101665,18.5395035762878
0.101666,18.5432664724191
0.101667,18.5468383725074
0.101668,18.549969711278
0.101669,18.5524352005601
0.10167,18.5540317646558
0.101671,18.5545766494677
0.101671000000001,18.5545766494677
0.101671000000002,18.5545766494677
0.101672,18.5539395263214
0.101673,18.5521287804604
0.101674,18.5492752564209
0.101675,18.5456044054566
0.101676,18.5414261071848
0.101677,18.5371244861778
0.101678,18.5331479094052
0.101679,18.52999910321
0.10168,18.5282253941228
0.101680000000001,18.5282253941217
0.101681,18.5281890088877
0.101682,18.5296622466684
0.101683,18.5322356401132
0.101684,18.5355375920796
0.101685,18.5392311546757
0.101686,18.5430110851779
0.101687,18.546601150976
0.101688,18.5497516634315
0.101689,18.5522372212489
0.10169,18.5538546449562
0.101691,18.5544210852447
0.101691000000001,18.5544210852447
0.101692,18.5538061095813
0.101693,18.5520179567368
0.101694,18.5491873063919
0.101695,18.5455394423817
0.101696,18.5413840629646
0.101697,18.5371051309327
0.101698,18.5331508555887
0.101699,18.5300237981746
0.1017,18.5282711252075
0.101700000000001,18.5282711252065
0.101701,18.528254952463
0.101702,18.5297475946507
0.101703,18.5323396403151
0.101704,18.5356595432386
0.101705,18.5393704018972
0.101706,18.5431670157813
0.101707,18.5467731907303
0.101708,18.5499392731614
0.101709,18.55243989379
0.10171,18.5540719024395
0.101711,18.5546524766856
0.101711000000001,18.5546524766856
0.101712,18.554051143637
0.101713,18.5522759224301
0.101714,18.5494572262848
0.101715,18.5458200953832
0.101716,18.541674007699
0.101717,18.5374027295179
0.101718,18.5334542807822
0.101719,18.5303310474866
0.10172,18.5285800996241
0.101720000000001,18.528580099623
0.101721,18.5285635382544
0.101722,18.5300538161199
0.101723,18.5326417083684
0.101724,18.5359558392288
0.101725,18.5396594629711
0.101726,18.5434475215903
0.101727,18.5470439513703
0.101728,18.5501992182189
0.101729,18.5526880623814
0.10173,18.5543074341371
0.101731,18.5548746032371
0.101731000000001,18.5548746032371
0.101731000000002,18.5548746032371
0.101732,18.5542591712987
0.101733,18.552469201743
0.101734,18.5496351504794
0.101735,18.5459821111655
0.101736,18.5418196250316
0.101737,18.5375315303485
0.101738,18.5335659436896
0.101739,18.5304253645329
0.10174,18.5286569276699
0.101740000000001,18.5286569276688
0.101741,18.528622789469
0.101742,18.5300954419821
0.101743,18.5326656826385
0.101744,18.5359621561236
0.101745,18.5396481355529
0.101746,18.543418580323
0.101747,18.5469974428063
0.101748,18.5501352037854
0.101749,18.5526066172395
0.10175,18.5542086460952
0.101751,18.5547585716999
0.101751000000001,18.5547585716999
0.101751000000002,18.5547585716999
0.101752,18.5541260587994
0.101753,18.5523193777119
0.101754,18.5494692311419
0.101755,18.5458009438319
0.101756,18.5416242715264
0.101757,18.5373232496914
0.101758,18.5333461741073
0.101759,18.5301957049001
0.10176,18.5284190656259
0.101760000000001,18.5284190656248
0.101761,18.5283784997165
0.101762,18.5298464333752
0.101763,18.5324135092475
0.101764,18.5357082306927
0.101765,18.5393937417197
0.101766,18.5431648837081
0.101767,18.5467455010742
0.101768,18.5498859757742
0.101769,18.5523609712495
0.10177,18.5539673674186
0.101771,18.5545223694709
0.101771000000001,18.5545223694709
0.101772,18.5538956006388
0.101773,18.5520953697555
0.101774,18.5492524680793
0.101775,18.5455922459555
0.101776,18.5414244589039
0.101777,18.537133154223
0.101778,18.533166625987
0.101779,18.5300275199064
0.10178,18.5282630859815
0.101780000000001,18.5282630859804
0.101781,18.5282355003741
0.101782,18.5297170766463
0.101783,18.5322983820869
0.101784,18.535607851135
0.101785,18.5393085646858
0.101786,18.5430953062592
0.101787,18.5466918671829
0.101788,18.5498485806736
0.101789,18.5523400654153
0.10179,18.5539631602325
0.101791,18.5545350326065
0.101791000000001,18.5545350326065
0.101792,18.5539252363594
0.101793,18.5521419163967
0.101794,18.5493156379367
0.101795,18.5456715809527
0.101796,18.5415193506306
0.101797,18.5372428276004
0.101798,18.5332901499963
0.101799,18.5301638189203
0.1018,18.5284109517629
0.101800000000001,18.5284109517618
0.101801,18.5283936511359
0.101802,18.5298842947274
0.101803,18.532473554312
0.101804,18.5357899596986
0.101805,18.5394966788593
0.101806,18.5432885748591
0.101807,18.5468895117382
0.101808,18.5500498892328
0.101809,18.5525443869364
0.10181,18.5541698995025
0.101811,18.5547436456395
0.101811000000001,18.5547436456395
0.101812,18.5541351886062
0.101813,18.5523525781694
0.101814,18.5495262596344
0.101815,18.5458813337603
0.101816,18.541727320419
0.101817,18.5374480042666
0.101818,18.5334914577307
0.101819,18.5303601412064
0.10182,18.5286011461126
0.101820000000001,18.5286011461115
0.101821,18.5285765875249
0.101822,18.5300589306857
0.101823,18.5326389529898
0.101824,18.5359452807587
0.101825,18.5396411702356
0.101826,18.5434215652888
0.101827,18.5470104039841
0.101828,18.5501581539195
0.101829,18.5526395569297
0.10183,18.554251564771
0.101831,18.5548114485414
0.101831000000001,18.5548114485414
0.101832,18.554188835624
0.101833,18.5523918825046
0.101834,18.5495511565123
0.101835,18.545891855012
0.101836,18.5417236148809
0.101837,18.5374303616833
0.101838,18.533460290673
0.101839,18.5303159711825
0.10184,18.5285445988645
0.101840000000001,18.5285445988634
0.101841,18.5285083563825
0.101842,18.5299796855921
0.101843,18.5325493123969
0.101844,18.5358458161654
0.101845,18.5395324103311
0.101846,18.5433039997229
0.101847,18.5468844867854
0.101848,18.5500243065855
0.101849,18.5524981712129
0.10185,18.5541030051829
0.101851,18.554656054599
0.101851000000001,18.554656054599
0.101852,18.5540269624315
0.101853,18.5522240072162
0.101854,18.5493779055228
0.101855,18.5457139897378
0.101856,18.5415420173167
0.101857,18.5372460186425
0.101858,18.5332742638017
0.101859,18.5301294068156
0.10186,18.5283587181482
0.101860000000001,18.5283587181471
0.101861,18.5283243950951
0.101862,18.5297987951533
0.101863,18.5323725336954
0.101864,18.5356740891255
0.101865,18.5393665825837
0.101866,18.5431448344678
0.101867,18.5467326699265
0.101868,18.5498804532124
0.101869,18.5523628314991
0.10187,18.5539766697631
0.101871,18.5545391594816
0.101871000000001,18.5545391594816
0.101872,18.5539198940312
0.101873,18.5521271053482
0.101874,18.549291460335
0.101875,18.5456382370938
0.101876,18.5414771348428
0.101877,18.5371921236388
0.101878,18.5332314259602
0.101879,18.5300976217315
0.10188,18.5283379012469
0.101880000000001,18.5283379012458
0.101881,18.5283144089211
0.101882,18.5297994909271
0.101883,18.5323837658305
0.101884,18.5356957148814
0.101885,18.5393984617246
0.101886,18.5431868289425
0.101887,18.5467846435799
0.101888,18.5499422715369
0.101889,18.5524343614311
0.10189,18.5540577795274
0.101891,18.5546297184859
0.101891000000001,18.554629718486
0.101892,18.5540197396358
0.101893,18.5522359518686
0.101894,18.5494088743658
0.101895,18.5457636480826
0.101896,18.5416098461073
0.101897,18.537331323753
0.101898,18.5333761834883
0.101899,18.5302468870035
0.1019,18.5284905728717
0.101900000000001,18.5284905728706
0.101901,18.5284693780866
0.101902,18.5299557163052
0.101903,18.5325403019118
0.101904,18.5358517036659
0.101905,18.5395531251806
0.101906,18.5433394621629
0.101907,18.5469346085724
0.101908,18.550088991587
0.101909,18.5525773159797
0.10191,18.5541964995127
0.101911,18.5547637820998
0.101911000000001,18.5547637820998
0.101912,18.5541487555744
0.101913,18.5523595227216
0.101914,18.5495265900681
0.101915,18.5458750938955
0.101916,18.5417146101886
0.101917,18.5374290042741
0.101918,18.53346641227
0.101919,18.5303293459014
0.10192,18.5285649451452
0.101920000000001,18.5285649451441
0.101921,18.5285353550871
0.101922,18.5300130258175
0.101923,18.5325887058905
0.101924,18.5358909953229
0.101925,18.5395831263643
0.101926,18.5433600209904
0.101927,18.546945597279
0.101928,18.5500903045627
0.101929,18.5525688679671
0.10193,18.5541782239417
0.101931,18.5547356295407
0.101931000000001,18.5547356295407
0.101932,18.5541107161774
0.101933,18.5523116912116
0.101934,18.549469184607
0.101935,18.5458084498844
0.101936,18.5416391735352
0.101937,18.5373453241756
0.101938,18.5333751335474
0.101939,18.5302312009349
0.10194,18.5284606926168
0.101940000000001,18.5284606926156
0.101941,18.5284258167705
0.101942,18.5298990176398
0.101943,18.5324709720547
0.101944,18.5357702145628
0.101945,18.5394599176292
0.101946,18.5432349486052
0.101947,18.5468191756262
0.101948,18.549963002327
0.101949,18.5524411119843
0.10195,18.5540504026891
0.101951,18.5546080963041
0.101951000000001,18.5546080963041
0.101952,18.5539838120138
0.101953,18.5521858010231
0.101954,18.5493447835967
0.101955,18.5456860711157
0.101956,18.5415193528115
0.101957,18.5372286090857
0.101958,18.5332620936718
0.101959,18.5301224193108
0.10196,18.52835681044
0.101960000000001,18.5283568104389
0.101960000000002,18.5283568104381
0.101961,18.5283274401024
0.101962,18.5298066651349
0.101963,18.5323851080768
0.101964,18.5356912538411
0.101965,18.5393882294685
0.101966,18.5431708607007
0.101967,18.5467629775265
0.101968,18.5499149485868
0.101969,18.5524014250432
0.10197,18.5540192755091
0.101971,18.5545856947949
0.101971000000001,18.5545856947949
0.101972,18.5539702641234
0.101973,18.5521811614112
0.101974,18.549348988348
0.101975,18.5456989628578
0.101976,18.5415407291903
0.101977,18.5372582077833
0.101978,18.5332995769651
0.101979,18.5301673780707
0.10198,18.5284087684283
0.101980000000001,18.5284087684272
0.101981,18.5283858799084
0.101982,18.529871090674
0.101983,18.5324550634935
0.101984,18.535766319985
0.101985,18.5394680206836
0.101986,18.5432550219058
0.101987,18.5468511815674
0.101988,18.5500068938397
0.101989,18.5524968332487
0.10199,18.554117889817
0.101991,18.5546872780029
0.101991000000001,18.5546872780029
0.101992,18.5540745747907
0.101993,18.5522878921789
0.101994,18.5494577505865
0.101995,18.5458093199351
0.101996,18.5416521831366
0.101997,18.537370181636
0.101998,18.5334114382436
0.101999,18.530278457232
0.102,18.5285183673418