0,0
0.0001,0.2331171475894
0.0002,0.49155298406748
0.0003,0.749284169630498
0.0004,1.00481251252587
0.0005,1.25631333815539
0.0006,1.50305775457612
0.0007,1.74494947182906
0.0008,1.98209760812028
0.0009,2.21463744318799
0.001,2.44268497970864
0.0011,2.6663389224528
0.0012,2.88568748648215
0.0013,3.10081452682404
0.0014,3.31180172194683
0.0015,3.51873086968617
0.0016,3.72167634607621
0.0017,3.92071521291164
0.0018,4.11592435710302
0.0019,4.30737577842805
0.002,4.49514463554838
0.0021,4.67929914098782
0.0022,4.85990808541663
0.0023,5.03704051361287
0.0024,5.21076377955492
0.0025,5.38114364408307
0.0026,5.54825119388035
0.0027,5.71215820591433
0.0028,5.87291259091859
0.0029,6.03063436179466
0.003,6.18531803855061
0.0031,6.33697721165081
0.0032,6.4856911904378
0.0033,6.63153670306843
0.0034,6.77457567409824
0.0035,6.91486172454338
0.0036,7.05244767656753
0.0037,7.18738563830984
0.0038,7.31972553147512
0.0039,7.44955802958952
0.004,7.57688278155617
0.0041,7.70173524529735
0.0042,7.82417538802622
0.0043,7.94425667210772
0.0044,8.06202691697495
0.0045,8.17753100123904
0.0046,8.29081239286784
0.0047,8.40191369815145
0.0048,8.51087677819172
0.0049,8.61774274374565
0.005,8.72255194005444
0.0051,8.82534394458218
0.0052,8.92615757488227
0.0053,9.02503354796809
0.0054,9.12200859383818
0.0055,9.21711642466713
0.0056,9.31039695530325
0.0057,9.40188277464957
0.0058,9.49160317789145
0.0059,9.57959640922364
0.006,9.66589494367389
0.0061,9.75053469402004
0.0062,9.8335457789832
0.0063,9.91495657777267
0.0064,9.99480553560188
0.0065,10.0731171410354
0.0066,10.1499270387255
0.0067,10.2252624729379
0.0068,10.2991485164586
0.0069,10.371615243987
0.007,10.4426764185054
0.0071,10.5123647812514
0.0072,10.5807108341256
0.0073,10.6477468206157
0.0074,10.7134925144451
0.0075,10.7779763427516
0.0076,10.8412250301195
0.0077,10.9032610154883
0.0078,10.9640984388436
0.0079,11.0237677318855
0.008,11.0822740813846
0.0081,11.1396467862778
0.0082,11.1959127581554
0.0083,11.2510952393319
0.0084,11.3052154785502
0.0085,11.3582938445343
0.0086,11.4103502621964
0.0087,11.4614043169661
0.0088,11.5114752554747
0.0089,11.5605819724443
0.009,11.6087437640586
0.0091,11.655978461376
0.0092,11.7023036024799
0.0093,11.7477365562796
0.0094,11.7922944468359
0.0095,11.8359940979589
0.0096,11.8788520139806
0.0097,11.9208843796074
0.0098,11.9621070660543
0.0099,12.0025379538779
0.01,12.0421916536974
0.0101,12.0810831875866
0.0102,12.1192258431196
0.0103,12.1566394987715
0.0104,12.1933383773329
0.0105,12.2293260350257
0.0106,12.2646258000973
0.0107,12.2992410693357
0.0108,12.3331924873738
0.0109,12.3664839462141
0.011,12.3991307069644
0.0111,12.431146397636
0.0112,12.4625492092221
0.0113,12.4933450345053
0.0114,12.5235431527811
0.0115,12.5531572085082
0.0116,12.5822065706534
0.0117,12.6106942796928
0.0118,12.638628896791
0.0119,12.666023209025
0.012,12.6928888068664
0.0121,12.7192365491985
0.0122,12.7450775965159
0.0123,12.7704233165215
0.0124,12.7952790130662
0.0125,12.8196580640902
0.0126,12.8436463427096
0.0127,12.8672111556427
0.0128,12.8903047192254
0.0129,12.9129438261938
0.013,12.9350810317923
0.0131,12.9567633739083
0.0132,12.9780648368156
0.0133,12.9989433250953
0.0134,13.0195154893762
0.0135,13.039779602114
0.0136,13.0596415486483
0.0137,13.0789910979354
0.0138,13.0979835799836
0.0139,13.1167117497711
0.014,13.1351025152966
0.0141,13.1531431406659
0.0142,13.170820552433
0.0143,13.1881124151932
0.0144,13.204994178627
0.0145,13.2215813847214
0.0146,13.2378390062213
0.0147,13.2537323488701
0.0148,13.2693196208619
0.0149,13.2845996622427
0.015,13.2995638410633
0.0151,13.314224524495
0.0152,13.3285920037576
0.0153,13.3426809562381
0.0154,13.3564999659342
0.0155,13.370046474951
0.0156,13.3833306508436
0.0157,13.3963606948856
0.0158,13.409134711649
0.0159,13.4216593159133
0.016,13.4339412244075
0.0161,13.4459857093011
0.0162,13.4577974332198
0.0163,13.4693804567384
0.0164,13.4807391597365
0.0165,13.4918781585964
0.0166,13.5028016696901
0.0167,13.5135131765347
0.0168,13.5240173192406
0.0169,13.534318048031
0.017,13.5444190893491
0.0171,13.5543241105517
0.0172,13.5640362840926
0.0173,13.5735592763071
0.0174,13.5828980761221
0.0175,13.5920558174294
0.0176,13.601035851543
0.0177,13.60984161049
0.0178,13.6184769999934
0.0179,13.6269451247172
0.018,13.6353658153018
0.0181,13.6437240948931
0.0182,13.6518999612797
0.0183,13.6599414659546
0.0184,13.6677298281516
0.0185,13.6752788481517
0.0186,13.6826501949306
0.0187,13.689873654288
0.0188,13.6969560115849
0.0189,13.7039014675835
0.019,13.7107129913344
0.0191,13.7173929941732
0.0192,13.7239438186889
0.0193,13.7303678461624
0.0194,13.736667477817
0.0195,13.7428451015254
0.0196,13.7489030715941
0.0197,13.7548437004619
0.0198,13.7606683402713
0.0199,13.7663796427968
0.02,13.7719801464412
0.0201,13.7774721354464
0.0202,13.782859327884
0.0203,13.7881489763441
0.0204,13.793331779504
0.0205,13.7984142152852
0.0206,13.803399227133
0.0207,13.8082859688372
0.0208,13.8130771070421
0.0209,13.8177740175818
0.021,13.8223855446787
0.0211,13.8269069301766
0.0212,13.831339419472
0.0213,13.8356893752453
0.0214,13.8399535108322
0.0215,13.8441312356955
0.0216,13.8482256394201
0.0217,13.8522410199827
0.0218,13.8561850372401
0.0219,13.8600610622566
0.022,13.8638650873984
0.0221,13.8675880493008
0.0222,13.8712313257314
0.0223,13.8748095286317
0.0224,13.8783205196884
0.0225,13.8817573981469
0.0226,13.8851263613094
0.0227,13.8884312882806
0.0228,13.8916721545703
0.0229,13.8948468956204
0.023,13.8979668457756
0.0231,13.9010249874666
0.0232,13.9040271933991
0.0233,13.9069666047836
0.0234,13.9098471888753
0.0235,13.9126726766984
0.0236,13.9154438578375
0.0237,13.9181630552014
0.0238,13.9208255180133
0.0239,13.9234384262355
0.024,13.9260040802064
0.0241,13.9285179192876
0.0242,13.930982010009
0.0243,13.9333996091208
0.0244,13.935768935787
0.0245,13.9380905517597
0.0246,13.940363796282
0.0247,13.9425978211388
0.0248,13.944793073857
0.0249,13.9469454299839
0.025,13.9490536046263
0.0251,13.951115887397
0.0252,13.9531391592993
0.0253,13.9551244129062
0.0254,13.9570730183009
0.0255,13.9589830628004
0.0256,13.9608606604722
0.0257,13.9626960952507
0.0258,13.9644945743405
0.0259,13.966257038743
0.026,13.9679863181745
0.0261,13.9696847569619
0.0262,13.9713463787479
0.0263,13.9729736987483
0.0264,13.9745687947493
0.0265,13.9761372379408
0.0266,13.9776799972838
0.0267,13.9791947430214
0.0268,13.9806781694162
0.0269,13.9821362139646
0.027,13.9835685130943
0.0271,13.9849674372264
0.0272,13.9863369341833
0.0273,13.9876850262674
0.0274,13.988999996147
0.0275,13.9902853849679
0.0276,13.9915445095146
0.0277,13.9927806289235
0.0278,13.9939947055066
0.0279,13.9951848350103
0.028,13.9963599032031
0.0281,13.9975119301773
0.0282,13.9986348908781
0.0283,13.9997328222334
0.0284,14.0008125903895
0.0285,14.0018787477134
0.0286,14.0029258708699
0.0287,14.0039478020905
0.0288,14.0049465259193
0.0289,14.0059223948493
0.029,14.006884975159
0.0291,14.0078272726044
0.0292,14.0087482668591
0.0293,14.0096563533746
0.0294,14.0105445685332
0.0295,14.0114121021091
0.0296,14.0122614350946
0.0297,14.0130956488204
0.0298,14.0139193086145
0.0299,14.0147352366233
0.03,14.0155434084783
0.0301,14.0163390063574
0.0302,14.0171227193014
0.0303,14.0178960228144
0.0304,14.0186466924888
0.0305,14.0193816677038
0.0306,14.0201068564909
0.0307,14.0208199432665
0.0308,14.0215131523007
0.0309,14.0221927494409
0.031,14.0228576152985
0.0311,14.0235103847705
0.0312,14.0241380211885
0.0313,14.0247433734853
0.0314,14.0253335820759
0.0315,14.0259118447294
0.0316,14.0264791412367
0.0317,14.0270356880414
0.0318,14.0275815692693
0.0319,14.0281169063865
0.032,14.0286418658599
0.0321,14.0291566367081
0.0322,14.0296614140159
0.0323,14.0301563917447
0.0324,14.0306417603179
0.0325,14.03111770639
0.0326,14.0315844127905
0.0327,14.0320420588515
0.0328,14.0324908203563
0.0329,14.0329308697674
0.033,14.0333623761197
0.0331,14.0337855052606
0.0332,14.034200419778
0.0333,14.0346072791592
0.0334,14.0350062397326
0.0335,14.0353974548419
0.0336,14.0357810747962
0.0337,14.0361572470712
0.0338,14.0365261161929
0.0339,14.0368878239417
0.034,14.0372425092868
0.0341,14.0375903085937
0.0342,14.0379313555053
0.0343,14.0382657811103
0.0344,14.0385937139153
0.0345,14.0389152800037
0.0346,14.0392306029141
0.0347,14.039539803877
0.0348,14.0398430017059
0.0349,14.0401403129582
0.035,14.0404318518671
0.0351,14.0407177305312
0.0352,14.0409980587929
0.0353,14.0412729444483
0.0354,14.0415424930991
0.0355,14.0418068083902
0.0356,14.0420659918822
0.0357,14.04232014324
0.0358,14.0425693601165
0.0359,14.04281373834
0.036,14.043053371795
0.0361,14.04328835263
0.0362,14.0435187711414
0.0363,14.0437447159474
0.0364,14.0439662738465
0.0365,14.0441835300527
0.0366,14.0443965680491
0.0367,14.044605469761
0.0368,14.0448103154277
0.0369,14.0450111838326
0.037,14.0452081521644
0.0371,14.0454012961793
0.0372,14.0455906900961
0.0373,14.0457764067541
0.0374,14.0459585174944
0.0375,14.0461370923676
0.0376,14.0463121999757
0.0377,14.046483907692
0.0378,14.046652281477
0.0379,14.0468173861036
0.038,14.0469792849843
0.0381,14.0471380403977
0.0382,14.047293713341
0.0383,14.0474463637122
0.0384,14.0475960501348
0.0385,14.0477428302009
0.0386,14.047886760301
0.0387,14.0480278958269
0.0388,14.04816629098
0.0389,14.0483019989925
0.039,14.0484350719899
0.0391,14.0485655611894
0.0392,14.048693516707
0.0393,14.0488189877793
0.0394,14.0489420226141
0.0395,14.0490626685347
0.0396,14.0491809718872
0.0397,14.0492969782023
0.0398,14.049410732017
0.0399,14.0495222771279
0.04,14.0496316563663
0.0401,14.0497389118495
0.0402,14.049844084756
0.0403,14.0499472155744
0.0404,14.0500502243886
0.0405,14.0501600574384
0.0406,14.0502855549502
0.0407,14.0504008369888
0.0408,14.0505080803788
0.0409,14.0506074817542
0.041,14.0507138865268
0.0411,14.0508131969623
0.0412,14.0509103716189
0.0413,14.0510007088204
0.0414,14.0510942520889
0.0415,14.0511855169784
0.0416,14.0512784075324
0.0417,14.0513822528016
0.0418,14.0514756103315
0.0419,14.0515634278669
0.042,14.0516403325853
0.0421,14.051711789526
0.0422,14.0517914107188
0.0423,14.0518721890197
0.0424,14.051951842583
0.0425,14.0520224254014
0.0426,14.0520982926391
0.0427,14.0521757501784
0.0428,14.0522474465595
0.0429,14.0523084502062
0.043,14.0523643049176
0.0431,14.0524236601903
0.0432,14.0524887785452
0.0433,14.0525598537688
0.0434,14.052620661762
0.0435,14.0526733889179
0.0436,14.0527343792603
0.0437,14.0528203718137
0.0438,14.0528990781298
0.0439,14.0529725310639
0.044,14.0530410977069
0.0441,14.0531056693684
0.0442,14.0531654485721
0.0443,14.0532132013664
0.0444,14.0532562906752
0.0445,14.0533096676343
0.0446,14.0533658626262
0.0447,14.0534195668156
0.0448,14.0534715912613
0.0449,14.0535146962006
0.045,14.0535492757015
0.0451,14.0535803760922
0.0452,14.0536246014167
0.0453,14.0536734126963
0.0454,14.0537170011794
0.0455,14.0537645167355
0.0456,14.0537995471821
0.0457,14.0538357230035
0.0458,14.0538691906187
0.0459,14.0538992040528
0.046,14.0539436112271
0.0461,14.0539880153494
0.0462,14.0540288383789
0.0463,14.0540575150931
0.0464,14.0540836299828
0.0465,14.0541093796278
0.0466,14.05413847026
0.0467,14.0541678951397
0.0468,14.0542067334187
0.0469,14.0542337983725
0.047,14.05425813591
0.0471,14.0542856460188
0.0472,14.0543063477848
0.0473,14.0543287499839
0.0474,14.0543512416083
0.0475,14.054384081093
0.0476,14.054421686516
0.0477,14.0544472118161
0.0478,14.0544657072263
0.0479,14.0544832952964
0.048,14.0545006200002
0.0481,14.0545257204947
0.0482,14.054557866576
0.0483,14.0545874680648
0.0484,14.0546125281337
0.0485,14.0546340805418
0.0486,14.0546518568616
0.0487,14.0546644961857
0.0488,14.0546787837102
0.0489,14.0547026544692
0.049,14.0547335837497
0.0491,14.0547598988907
0.0492,14.054783072918
0.0493,14.0548057355575
0.0494,14.0548215719957
0.0495,14.0548341450145
0.0496,14.0548445044023
0.0497,14.054861062871
0.0498,14.0548712807016
0.0499,14.0548778022837
0.05,14.0548896044592
0.0501,14.0549011189888
0.0502,14.0549192983152
0.0503,14.0549406826914
0.0504,14.0549550377172
0.0505,14.0549618041648
0.0506,14.0549656872683
0.0507,14.0549725972803
0.0508,14.0549853389525
0.0509,14.0549927034647
0.051,14.0549986968395
0.0511,14.0550123264988
0.0512,14.0550271337159
0.0513,14.0550462399518
0.0514,14.0550613602087
0.0515,14.0550750504172
0.0516,14.0550864811696
0.0517,14.0550937186778
0.0518,14.0551055410312
0.0519,14.0551189632099
0.052,14.055126293395
0.0521,14.0551346104446
0.0522,14.055140008307
0.0523,14.0551450136221
0.0524,14.0551467012227
0.0525,14.0551476340047
0.0526,14.055158705334
0.0527,14.0551757829448
0.0528,14.0551888772777
0.0529,14.0551990214109
0.053,14.0552044252128
0.0531,14.0552128941853
0.0532,14.0552198660648
0.0533,14.0552259885099
0.0534,14.0552290984951
0.0535,14.0552332015474
0.0536,14.0552387609675
0.0537,14.0552396706404
0.0538,14.0552480763679
0.0539,14.0552526979911
0.054,14.0552594315803
0.0541,14.0552717543596
0.0542,14.0552830063077
0.0543,14.0552880365664
0.0544,14.0552894469537
0.0545,14.0552913589911
0.0546,14.055294566482
0.0547,14.0553069308802
0.0548,14.0553151891483
0.0549,14.0553162727244
0.055,14.0553229232468
0.0551,14.0553288246136
0.0552,14.0553325592
0.0553,14.0553393841743
0.0554,14.0553421045609
0.0555,14.0553438046125
0.0556,14.0553507977152
0.0557,14.0553630752378
0.0558,14.0553693778215
0.0559,14.0553759954165
0.056,14.0553811218678
0.0561,14.0553859698974
0.0562,14.0553921641903
0.0563,14.0554040758747
0.0564,14.0554107319052
0.0565,14.0554137681256
0.0566,14.0554170704332
0.0567,14.0554200187321
0.0568,14.055422168382
0.0569,14.0554207670753
0.057,14.0554223221263
0.0571,14.055422896863
0.0572,14.0554195417775
0.0573,14.0554145938945
0.0574,14.0554140554882
0.0575,14.0554196437056
0.0576,14.0554227909572
0.0577,14.0554202274888
0.0578,14.0554224571053
0.0579,14.0554277941545
0.058,14.0554297716577
0.0581,14.0554302075961
0.0582,14.0554326785574
0.0583,14.0554324304618
0.0584,14.0554358832015
0.0585,14.0554355749755
0.0586,14.0554373012594
0.0587,14.0554401058781
0.0588,14.0554411499868
0.0589,14.0554424704373
0.059,14.0554500690743
0.0591,14.0554530903714
0.0592,14.0554557159505
0.0593,14.0554552290791
0.0594,14.0554520065361
0.0595,14.0554492211196
0.0596,14.0554509369778
0.0597,14.0554541564005
0.0598,14.0554578182595
0.0599,14.0554941156059
0.06,14.0555453229923
0.0601,14.0555746280197
0.0602,14.0555924985609
0.0603,14.0556002049871
0.0604,14.0556066643852
0.0605,14.0556118160565
0.0606,14.0557265611977
0.0607,14.0559546569971
0.0608,14.0560680578079
0.0609,14.0560893109328
0.061,14.0561975528827
0.0611,14.0563889188086
0.0612,14.0564551731414
0.0613,14.0564615489205
0.0614,14.0564657049556
0.0615,14.0564951373518
0.0616,14.0564972244713
0.0617,14.0564866210559
0.0618,14.056473871736
0.0619,14.0564594124363
0.062,14.0564497245345
0.0621,14.0564364682263
0.0622,14.056424425796
0.0623,14.0564768222
0.0624,14.0566387746265
0.0625,14.0568464443915
0.0626,14.0570063443519
0.0627,14.0570372125108
0.0628,14.0570106135804
0.0629,14.0569695930932
0.063,14.0569291830733
0.0631,14.0568919854534
0.0632,14.0568572009526
0.0633,14.0568238498402
0.0634,14.0567913943921
0.0635,14.0567596223423
0.0636,14.0567284690726
0.0637,14.0566979170658
0.0638,14.0566679579487
0.0639,14.056638582195
0.064,14.0566097789267
0.0641,14.0565815364054
0.0642,14.0565538432266
0.0643,14.0565266881368
0.0644,14.0565000604951
0.0645,14.056473949837
0.0646,14.0564483461659
0.0647,14.0564232394916
0.0648,14.0563986202973
0.0649,14.0563744790352
0.065,14.0563508065962
0.0651,14.0563275937603
0.0652,14.056304831718
0.0653,14.0562825116154
0.0654,14.0562606249838
0.0655,14.0562391632921
0.0656,14.0562181183837
0.0657,14.0561974820721
0.0658,14.0561772465375
0.0659,14.0561574038855
0.066,14.0561379465846
0.0661,14.0561188670511
0.0662,14.0561001580636
0.0663,14.056081812298
0.0664,14.0560638228157
0.0665,14.0560461826183
0.0666,14.0560288850146
0.0667,14.0560119232539
0.0668,14.0559952909192
0.0669,14.0559789814829
0.067,14.0559629887887
0.0671,14.0559473065976
0.0672,14.055931928989
0.0673,14.0559168499383
0.0674,14.055902063742
0.0675,14.0558875645823
0.0676,14.0558733470033
0.0677,14.0558594054514
0.0678,14.0558457346889
0.0679,14.0558323293557
0.068,14.055819184406
0.0681,14.0558062946211
0.0682,14.0557936551726
0.0683,14.0557812610914
0.0684,14.0557691077384
0.0685,14.0557571903246
0.0686,14.0557455043777
0.0687,14.055734045274
0.0688,14.055722808743
0.0689,14.0557117903493
0.069,14.055700985957
0.0691,14.0556903913284
0.0692,14.055680002502
0.0693,14.0556698153592
0.0694,14.0556598260634
0.0695,14.0556500306686
0.0696,14.0556404255236
0.0697,14.055631006843
0.0698,14.0556217711006
0.0699,14.0556127146361
0.07,14.0556038340917
0.0701,14.0555951259557
0.0702,14.0555865869615
0.0703,14.0555782137161
0.0704,14.0555700031116
0.0705,14.0555619518995
0.0706,14.05555405709
0.0707,14.0555463155022
0.0708,14.0555387242948
0.0709,14.0555312804565
0.071,14.0555239811993
0.0711,14.0555168236178
0.0712,14.0555098050871
0.0713,14.0555029227862
0.0714,14.0554961741748
0.0715,14.0554895565583
0.0716,14.0554830674943
0.0717,14.0554767043638
0.0718,14.0554704648474
0.0719,14.0554643464393
0.072,14.0554583469032
0.0721,14.055452463821
0.0722,14.0554466950409
0.0723,14.0554410382239
0.0724,14.0554354912979
0.0725,14.055430052028
0.0726,14.0554247184537
0.0727,14.0554194883845
0.0728,14.0554143599434
0.0729,14.0554093310096
0.073,14.0554043997899
0.0731,14.0553995642761
0.0732,14.0553948227161
0.0733,14.0553901731515
0.0734,14.0553856139239
0.0735,14.0553811431656
0.0736,14.0553767592931
0.0737,14.0553724604687
0.0738,14.0553682451787
0.0739,14.0553641116751
0.074,14.0553600585183
0.0741,14.055356083982
0.0742,14.0553521867032
0.0743,14.0553483650607
0.0744,14.0553446176676
0.0745,14.0553409429786
0.0746,14.055337339707
0.0747,14.0553338063578
0.0748,14.0553303416841
0.0749,14.0553269442176
0.075,14.0553236127849
0.0751,14.0553203459857
0.0752,14.0553171426705
0.0753,14.0553140015025
0.0754,14.0553109213719
0.0755,14.0553079009921
0.0756,14.0553049393516
0.0757,14.0553020351637
0.0758,14.0552991874209
0.0759,14.0552963949022
0.076,14.0552936566629
0.0761,14.0552909715339
0.0762,14.0552883386264
0.0763,14.0552857567674
0.0764,14.055283225069
0.0765,14.0552807424786
0.0766,14.0552783081675
0.0767,14.055275921088
0.0768,14.0552735804349
0.0769,14.0552712851683
0.077,14.0552690345297
0.0771,14.0552668275016
0.0772,14.0552646634023
0.0773,14.0552625412592
0.0774,14.0552604603749
0.0775,14.0552584198337
0.0776,14.055256418987
0.0777,14.0552544569315
0.0778,14.0552525330496
0.0779,14.0552506464594
0.078,14.0552487965582
0.0781,14.0552469825095
0.0782,14.0552452037652
0.0783,14.0552434595076
0.0784,14.0552417491826
0.0785,14.055240071994
0.0786,14.0552384274224
0.0787,14.0552368147232
0.0788,14.0552352334295
0.0789,14.055233682778
0.079,14.0552321623038
0.0791,14.0552306712741
0.0792,14.0552292092597
0.0793,14.0552277755555
0.0794,14.0552263697485
0.0795,14.0552249911527
0.0796,14.0552236394154
0.0797,14.0552223138692
0.0798,14.0552210141267
0.0799,14.0552197395627
0.08,14.0552184898214
0.0801,14.0552172642793
0.0802,14.0552160625929
0.0803,14.0552148841738
0.0804,14.0552137287012
0.0805,14.0552125955961
0.0806,14.0552114845618
0.0807,14.0552124807451
0.0808,14.0552139985304
0.0809,14.0552196458759
0.081,14.0552271859307
0.0811,14.0552308136918
0.0812,14.0552323497655
0.0813,14.0552337830691
0.0814,14.0552396528918
0.0815,14.0552469418514
0.0816,14.0552495883787
0.0817,14.0552515407161
0.0818,14.0552543850092
0.0819,14.0552563423498
0.082,14.0552569404418
0.0821,14.055258942732
0.0822,14.0552597925678
0.0823,14.0552606891672
0.0824,14.0552609951773
0.0825,14.055261720173
0.0826,14.0552667548525
0.0827,14.0552710496116
0.0828,14.0552709401798
0.0829,14.0552695571558
0.083,14.0552722637706
0.0831,14.0552760903456
0.0832,14.0552782461373
0.0833,14.055390149741
0.0834,14.0556071098142
0.0835,14.0558083612227
0.0836,14.0560506413992
0.0837,14.0561387406595
0.0838,14.056144463961
0.0839,14.0561232456712
0.084,14.0561012497816
0.0841,14.0560802986013
0.0842,14.0561741009618
0.0843,14.0564517732826
0.0844,14.0567706980248
0.0845,14.0569346852871
0.0846,14.0569554010304
0.0847,14.0569292633379
0.0848,14.0568922878594
0.0849,14.056861338462
0.085,14.0568336874759
0.0851,14.0568070393783
0.0852,14.0567825799322
0.0853,14.0567584072607
0.0854,14.0567334675125
0.0855,14.0567068287058
0.0856,14.0566827942243
0.0857,14.0566574729302
0.0858,14.0566310330883
0.0859,14.0566030596891
0.086,14.0565752599027
0.0861,14.0565531043554
0.0862,14.0565370990795
0.0863,14.0565205515928
0.0864,14.0564989282443
0.0865,14.0564739179093
0.0866,14.0564481746677
0.0867,14.0564249854823
0.0868,14.0564074925422
0.0869,14.0563926837605
0.087,14.056378366685
0.0871,14.0563690065419
0.0872,14.0564793469555
0.0873,14.0567624069922
0.0874,14.0569830831086
0.0875,14.0570506981716
0.0876,14.0570407731749
0.0877,14.0570107404849
0.0878,14.056981984911
0.0879,14.0569525720698
0.088,14.0569195425024
0.0881,14.0568852975393
0.0882,14.0568516878947
0.0883,14.0568231767617
0.0884,14.0567931623013
0.0885,14.0567655538266
0.0886,14.0567393589654
0.0887,14.0567104239032
0.0888,14.0566831720951
0.0889,14.0566615915281
0.089,14.0566412475139
0.0891,14.0566179934387
0.0892,14.0565925317739
0.0893,14.0565687872406
0.0894,14.0565483404523
0.0895,14.0566633989577
0.0896,14.056879517979
0.0897,14.0569491961871
0.0898,14.056938981278
0.0899,14.0569106563457
0.09,14.0568767613173
0.0901,14.0568416090813
0.0902,14.0568088446186
0.0903,14.0567811956588
0.0904,14.0567564688804
0.0905,14.0567289355363
0.0906,14.0566999423216
0.0907,14.0568055484081
0.0908,14.0569586797054
0.0909,14.0569959591689
0.091,14.0569775476857
0.0911,14.056940792137
0.0912,14.0569053325297
0.0913,14.0569192210102
0.0914,14.0569171492393
0.0915,14.0568976793645
0.0916,14.0568712557222
0.0917,14.056839254673
0.0918,14.0568061016485
0.0919,14.0567734979561
0.092,14.0567432625754
0.0921,14.0567143275136
0.0922,14.0566872985644
0.0923,14.056659532239
0.0924,14.0566357158823
0.0925,14.0566124243449
0.0926,14.0565949221226
0.0927,14.056573596338
0.0928,14.0565522217532
0.0929,14.0565310092697
0.093,14.0565123739608
0.0931,14.0564933780894
0.0932,14.0564774829548
0.0933,14.0564627288183
0.0934,14.0564480457036
0.0935,14.0564271715412
0.0936,14.0564033175136
0.0937,14.0563789019095
0.0938,14.0563573855649
0.0939,14.0563353445033
0.094,14.0563153461568
0.0941,14.0562981690861
0.0942,14.0562806988755
0.0943,14.056265408092
0.0944,14.0562506123184
0.0945,14.0562343350671
0.0946,14.0562148948612
0.0947,14.0562441812115
0.0948,14.0562591241193
0.0949,14.0562515918914
0.095,14.0562353662349
0.0951,14.0562190257909
0.0952,14.056204337012
0.0953,14.0561929343378
0.0954,14.0561808197687
0.0955,14.0561651382412
0.0956,14.056151811364
0.0957,14.0561413882608
0.0958,14.0561336713669
0.0959,14.0561693491317
0.096,14.0561868679717
0.0961,14.0561846032968
0.0962,14.0562551519711
0.0963,14.0563086940831
0.0964,14.0563164355326
0.0965,14.0563018647331
0.0966,14.0562843961223
0.0967,14.0562656533838
0.0968,14.0562447061686
0.0969,14.0562233472302
0.097,14.0562029667857
0.0971,14.0561870482642
0.0972,14.0561728104802
0.0973,14.0561588280596
0.0974,14.0561449057275
0.0975,14.0561335294619
0.0976,14.0561214734114
0.0977,14.0561064913996
0.0978,14.0560944110392
0.0979,14.0560813801962
0.098,14.0560703020428
0.0981,14.0560623885988
0.0982,14.0560522343551
0.0983,14.056051225948
0.0984,14.0560754283574
0.0985,14.0560801366506
0.0986,14.0560735425995
0.0987,14.0560735012419
0.0988,14.05609798344
0.0989,14.0561071093676
0.099,14.0561013359942
0.0991,14.0560948901358
0.0992,14.0560844066321
0.0993,14.0560691812479
0.0994,14.0560536925483
0.0995,14.0560395386949
0.0996,14.0560239034996
0.0997,14.0560107436755
0.0998,14.0560003057125
0.0999,14.0559886329847
0.1,14.0559739443751
0.1001,14.0799630589699
0.1002,14.1393708073074
0.1003,14.212095547368
0.1004,14.2850305610485
0.1005,14.3553753423
0.1006,14.4237466918114
0.1007,14.4908752629182
0.1008,14.5570443911813
0.1009,14.6223263324319
0.101,14.6867076572729
0.1011,14.7501589267167
0.1012,14.8127018700545
0.1013,14.8743365073621
0.1014,14.9351055804369
0.1015,14.9950339923222
0.1016,15.0540867132635
0.1017,15.112292309059
0.1018,15.1696789308904
0.1019,15.2262233421984
0.102,15.281936711101
0.1021,15.3368405254355
0.1022,15.3909636010914
0.1023,15.4442927370966
0.1024,15.4968549363374
0.1025,15.5486506065311
0.1026,15.5996801710614
0.1027,15.6499289408278
0.1028,15.699467215068
0.1029,15.7482910360305
0.103,15.7963724199812
0.1031,15.8437248475977
0.1032,15.8903757285945
0.1033,15.9363084707855
0.1034,15.9815426471398
0.1035,16.0260963484479
0.1036,16.0699716706977
0.1037,16.1131836955462
0.1038,16.1557354219561
0.1039,16.1976124046081
0.104,16.2388436283768
0.1041,16.279432026505
0.1042,16.3193779811368
0.1043,16.3587078378066
0.1044,16.3974023402957
0.1045,16.4355078880714
0.1046,16.4730146180275
0.1047,16.5099136738094
0.1048,16.5462017857525
0.1049,16.5819157147372
0.105,16.6170412569336
0.1051,16.6515569475498
0.1052,16.6855317160142
0.1053,16.7189653210811
0.1054,16.7518192103271
0.1055,16.784128685712
0.1056,16.8158834132976
0.1057,16.847104779121
0.1058,16.8777800198995
0.1059,16.9079477199982
0.106,16.9375515027805
0.1061,16.9666554057136
0.1062,16.9952582808769
0.1063,17.0233832470439
0.1064,17.0510120820122
0.1065,17.0781299669069
0.1066,17.1047568570155
0.1067,17.1309184706868
0.1068,17.1565882581045
0.1069,17.1817616466454
0.107,17.2064715287893
0.1071,17.2307075454499
0.1072,17.2545296846907
0.1073,17.2779057566485
0.1074,17.3008568024512
0.1075,17.3233544454617
0.1076,17.3454060750794
0.1077,17.3670413882545
0.1078,17.3882856200691
0.1079,17.4091253874339
0.108,17.4295550545309
0.1081,17.4495588903568
0.1082,17.4691677853355
0.1083,17.4883823120552
0.1084,17.50722768121
0.1085,17.5256787711599
0.1086,17.5437726140176
0.1087,17.561480415733
0.1088,17.5788346910497
0.1089,17.5958500855558
0.109,17.6125126736773
0.1091,17.6288269069124
0.1092,17.6447716013837
0.1093,17.6604024759855
0.1094,17.6756812126194
0.1095,17.690598164595
0.1096,17.705231650008
0.1097,17.7195794034624
0.1098,17.7336187365408
0.1099,17.7473549983622
0.11,17.760788453744
0.1101,17.7738989086076
0.1102,17.7867122218381
0.1103,17.7992432317998
0.1104,17.8114947861189
0.1105,17.8235034931501
0.1106,17.8352504500337
0.1107,17.8467203201546
0.1108,17.85792437031
0.1109,17.8688775435184
0.111,17.8795721027166
0.1111,17.890027898886
0.1112,17.9002366555149
0.1113,17.9102063150543
0.1114,17.9199640189948
0.1115,17.9294786961681
0.1116,17.9387599319136
0.1117,17.9478486174343
0.1118,17.9567103180505
0.1119,17.9653752616926
0.112,17.9738473111508
0.1121,17.9821102638161
0.1122,17.9901630634948
0.1123,17.9980169247422
0.1124,18.0057034597063
0.1125,18.0132033383201
0.1126,18.02051110465
0.1127,18.0276351252835
0.1128,18.034586018059
0.1129,18.0413778882208
0.113,18.0480203565368
0.1131,18.0544835494842
0.1132,18.0607964914725
0.1133,18.0669646358366
0.1134,18.0729850362293
0.1135,18.0788250268628
0.1136,18.0845119502697
0.1137,18.0900642914981
0.1138,18.0954712399881
0.1139,18.1007674558382
0.114,18.1059251766933
0.1141,18.1109631255402
0.1142,18.115879633174
0.1143,18.1206595146525
0.1144,18.1253401600174
0.1145,18.1299056018237
0.1146,18.1343537300636
0.1147,18.1386937383781
0.1148,18.1429193234527
0.1149,18.1470195128827
0.115,18.1510131068792
0.1151,18.1548965496366
0.1152,18.1586986713111
0.1153,18.1624171851953
0.1154,18.1660395634229
0.1155,18.1695409247072
0.1156,18.1729602827481
0.1157,18.1762899712953
0.1158,18.1795124678449
0.1159,18.1826788627634
0.116,18.1857808200193
0.1161,18.1887784298423
0.1162,18.1916715450118
0.1163,18.1945272472691
0.1164,18.1972953466462
0.1165,18.1999831114002
0.1166,18.2025910417827
0.1167,18.2051145390041
0.1168,18.2075556995846
0.1169,18.2099615789244
0.117,18.2123261310762
0.1171,18.2146375967932
0.1172,18.2168797590417
0.1173,18.219076886261
0.1174,18.221174205624
0.1175,18.2231719030568
0.1176,18.2251711904057
0.1177,18.227160625696
0.1178,18.2291050719428
0.1179,18.2309986205127
0.118,18.2328172006078
0.1181,18.2345852643084
0.1182,18.2362732924068
0.1183,18.2379200418762
0.1184,18.2395343938312
0.1185,18.241136205121
0.1186,18.2427103527446
0.1187,18.2442422152671
0.1188,18.2457303992106
0.1189,18.2471783201826
0.119,18.2485871519917
0.1191,18.2499571937425
0.1192,18.2512868998516
0.1193,18.2525467160147
0.1194,18.2537783857674
0.1195,18.2549624432513
0.1196,18.2561153646547
0.1197,18.2572763282431
0.1198,18.258391618652
0.1199,18.2594141858176
0.12,18.2603781672669
0.1201,18.2613243669551
0.1202,18.2623075209134
0.1203,18.2632314229031
0.1204,18.2641207633359
0.1205,18.2650443787502
0.1206,18.2659305388654
0.1207,18.2667820059325
0.1208,18.2676337373405
0.1209,18.2684255305112
0.121,18.2692342988506
0.1211,18.2700339876808
0.1212,18.270806325915
0.1213,18.271540961383
0.1214,18.2722422551177
0.1215,18.27293399799
0.1216,18.2736051419799
0.1217,18.2742656439591
0.1218,18.2748810716484
0.1219,18.2754583278464
0.122,18.276063108423
0.1221,18.2766037857894
0.1222,18.2771381331549
0.1223,18.2777312470571
0.1224,18.278310265298
0.1225,18.278850039504
0.1226,18.2793231760823
0.1227,18.2797934236916
0.1228,18.2802703825599
0.1229,18.2807011719446
0.123,18.2811168857463
0.1231,18.2815635618033
0.1232,18.2820487614191
0.1233,18.2825267069691
0.1234,18.2829111663497
0.1235,18.2832751999651
0.1236,18.2836707695149
0.1237,18.2840667882998
0.1238,18.2845471823808
0.1239,18.2850514285963
0.124,18.2854502301114
0.1241,18.2857331638537
0.1242,18.2860496390749
0.1243,18.2863733551593
0.1244,18.2867011482068
0.1245,18.2869913319066
0.1246,18.2872654757774
0.1247,18.2875515694292
0.1248,18.2878387670796
0.1249,18.2881333029902
0.125,18.2884074328022
0.1251,18.2886819959839
0.1252,18.289028481155
0.1253,18.2894191773899
0.1254,18.2897236682568
0.1255,18.2900169794052
0.1256,18.2903297297489
0.1257,18.2905938227459
0.1258,18.2909370415398
0.1259,18.291319838471
0.126,18.2915803662736
0.1261,18.2918932560825
0.1262,18.2922981896787
0.1263,18.2926218286938
0.1264,18.2928276629782
0.1265,18.2930205254634
0.1266,18.2932374355581
0.1267,18.293419506257
0.1268,18.2936034849356
0.1269,18.2938059063483
0.127,18.2939730140008
0.1271,18.2941415000882
0.1272,18.294328318226
0.1273,18.2944810131921
0.1274,18.2947181758668
0.1275,18.2950620404089
0.1276,18.2953288797117
0.1277,18.2954657191523
0.1278,18.2955694384112
0.1279,18.2956884939113
0.128,18.2957962986213
0.1281,18.295988874875
0.1282,18.2962207371386
0.1283,18.2963445611487
0.1284,18.2964291446773
0.1285,18.2965228679869
0.1286,18.2966069695038
0.1287,18.296679621727
0.1288,18.2967584209454
0.1289,18.2968350184147
0.129,18.2969894402298
0.1291,18.2971817989288
0.1292,18.2972769852638
0.1293,18.2973283898493
0.1294,18.2973843028868
0.1295,18.2974415047328
0.1296,18.2974851555852
0.1297,18.2976264880537
0.1298,18.2978956619387
0.1299,18.2980949877289
0.13,18.2981594831649
0.1301,18.2982481430397
0.1302,18.2983720497684
0.1303,18.298425825341
0.1304,18.2984368871766
0.1305,18.2984465116574
0.1306,18.2984703935235
0.1307,18.2985626370899
0.1308,18.2986862728513
0.1309,18.2987343107681
0.131,18.298855444722
0.1311,18.2990212151685
0.1312,18.2990719533842
0.1313,18.2991338238334
0.1314,18.2992209480202
0.1315,18.299247680623
0.1316,18.2993574718105
0.1317,18.2995151134976
0.1318,18.2995541008509
0.1319,18.2996527453892
0.132,18.299834315005
0.1321,18.2999310108521
0.1322,18.2999327155454
0.1323,18.2999766616273
0.1324,18.30005746185
0.1325,18.3000665388426
0.1326,18.3001521634942
0.1327,18.3003271758823
0.1328,18.3004174926653
0.1329,18.3004073938869
0.133,18.3004689440908
0.1331,18.3006603782856
0.1332,18.3008122498657
0.1333,18.3008580111541
0.1334,18.3008251090167
0.1335,18.3008236650004
0.1336,18.3008532995768
0.1337,18.3008343840919
0.1338,18.3008894190304
0.1339,18.3009672072536
0.134,18.3010077860787
0.1341,18.3010524383835
0.1342,18.3010279515813
0.1343,18.301020512321
0.1344,18.3010345405431
0.1345,18.3010073021152
0.1346,18.3010525879302
0.1347,18.3011364126234
0.1348,18.3011235973853
0.1349,18.3011659410882
0.135,18.3012469728265
0.1351,18.3012305518022
0.1352,18.3012300923038
0.1353,18.3012573007033
0.1354,18.3012286376591
0.1355,18.3012660500357
0.1356,18.3013434685748
0.1357,18.3013248231647
0.1358,18.3013164860673
0.1359,18.3013319053316
0.136,18.3012986521761
0.1361,18.3013382025972
0.1362,18.3014220520879
0.1363,18.3014037167937
0.1364,18.3013881243155
0.1365,18.3013927158431
0.1366,18.3013553089836
0.1367,18.3013328960291
0.1368,18.3013174608767
0.1369,18.3012820512047
0.137,18.301234824159
0.1371,18.3012287714095
0.1372,18.3012475289288
0.1373,18.3012179236652
0.1374,18.3012220155659
0.1375,18.3012523549743
0.1376,18.3012245952289
0.1377,18.3012565707966
0.1378,18.3013286754397
0.1379,18.3013094192944
0.138,18.3012931929334
0.1381,18.3012960598053
0.1382,18.3012605605777
0.1383,18.3012849124468
0.1384,18.3013455840094
0.1385,18.3013233068333
0.1386,18.3012999198815
0.1387,18.3012954713542
0.1388,18.3012810055775
0.1389,18.3012394140358
0.139,18.3012308614352
0.1391,18.3012453005486
0.1392,18.3012143871667
0.1393,18.3012108693574
0.1394,18.3012311320023
0.1395,18.3012016711957
0.1396,18.3011959686423
0.1397,18.301212589623
0.1398,18.3011824922558
0.1399,18.3012066327249
0.14,18.3012672997035
0.1401,18.3012467934243
0.1402,18.3012649345044
0.1403,18.3013171988471
0.1404,18.301293129303
0.1405,18.3012788842664
0.1406,18.3012836307572
0.1407,18.3012487095655
0.1408,18.3012658650821
0.1409,18.3013189099857
0.141,18.3012958920624
0.1411,18.3012751206475
0.1412,18.3013578476524
0.1413,18.3014530316955
0.1414,18.3014329524196
0.1415,18.3013861833862
0.1416,18.3013445264239
0.1417,18.3012961248259
0.1418,18.3013087798987
0.1419,18.3013558424288
0.142,18.3013309665462
0.1421,18.3013399379696
0.1422,18.3013803586398
0.1423,18.30135241749
0.1424,18.3013604380076
0.1425,18.3014004439609
0.1426,18.3013720665546
0.1427,18.3013311879912
0.1428,18.301294880143
0.1429,18.3012491172011
0.143,18.3012601564371
0.1431,18.3013034627491
0.1432,18.3012786176557
0.1433,18.3012840129943
0.1434,18.3013201206786
0.1435,18.3012927924496
0.1436,18.3012444641435
0.1437,18.3011938168019
0.1438,18.3011973521108
0.1439,18.30123188339
0.144,18.3012068965247
0.1441,18.3012049516983
0.1442,18.3012272106204
0.1443,18.3011981562246
0.1444,18.3011529186746
0.1445,18.3011057034798
0.1446,18.3011062068683
0.1447,18.3011334582402
0.1448,18.3011084695253
0.1449,18.301066166587
0.145,18.3010213661739
0.1451,18.3009819695565
0.1452,18.3009431024254
0.1453,18.3009426336621
0.1454,18.3009625301123
0.1455,18.3009388283918
0.1456,18.300901392334
0.1457,18.3008617399862
0.1458,18.3008269577404
0.1459,18.3007923524087
0.146,18.300760950828
0.1461,18.3007284630623
0.1462,18.3007251488663
0.1463,18.300764524437
0.1464,18.3008031161561
0.1465,18.3007845819198
0.1466,18.3007701045059
0.1467,18.3007691699895
0.1468,18.3007437807701
0.1469,18.3007122609497
0.147,18.3006791157659
0.1471,18.3006658158703
0.1472,18.3006652080003
0.1473,18.3006427439868
0.1474,18.3006145532839
0.1475,18.3005843928228
0.1476,18.3005701479105
0.1477,18.300566227101
0.1478,18.300544841914
0.1479,18.3005194950596
0.148,18.3004922687899
0.1481,18.3004757037161
0.1482,18.3004645894831
0.1483,18.3004430008197
0.1484,18.3004205747651
0.1485,18.3003965874436
0.1486,18.3003756026101
0.1487,18.3003534862655
0.1488,18.3003389537581
0.1489,18.3003469572983
0.149,18.3003740461185
0.1491,18.30036451233
0.1492,18.3003431789828
0.1493,18.3003192260851
0.1494,18.3002993753815
0.1495,18.3002791296244
0.1496,18.3002617051649
0.1497,18.3002427964852
0.1498,18.3002262556783
0.1499,18.3002082258255
0.15,18.3001926850814
0.1501,18.3001756059037
0.1502,18.3001608828438
0.1503,18.3001446320895
0.1504,18.300130747233
0.1505,18.3001153188414
0.1506,18.3001022398396
0.1507,18.3000875895848
0.1508,18.3000753108839
0.1509,18.3000614120194
0.151,18.3000498530109
0.1511,18.3000366464615
0.1512,18.3000257580825
0.1513,18.3000132049998
0.1514,18.300002980221
0.1515,18.2999910578289
0.1516,18.2999814130763
0.1517,18.2999700654172
0.1518,18.2999610231816
0.1519,18.2999502452011
0.152,18.2999416712665
0.1521,18.2999313861458
0.1522,18.2999233920372
0.1523,18.299913637922
0.1524,18.2999060654179
0.1525,18.2998967506606
0.1526,18.2998896290409
0.1527,18.2998807619923
0.1528,18.2998740840838
0.1529,18.2998656433782
0.153,18.299859374044
0.1531,18.2998513314814
0.1532,18.2998454534312
0.1533,18.2998377903464
0.1534,18.2998323319382
0.1535,18.2998250475873
0.1536,18.2998199708231
0.1537,18.2998130343667
0.1538,18.2998082064777
0.1539,18.2998015539414
0.154,18.2997971164818
0.1541,18.2997908047963
0.1542,18.2997865935433
0.1543,18.2997805332281
0.1544,18.2997766720332
0.1545,18.2997709172592
0.1546,18.2997672454939
0.1547,18.2997617102286
0.1548,18.2997582854994
0.1549,18.2997529976164
0.155,18.2997498889007
0.1551,18.2997448633087
0.1552,18.29974190773
0.1553,18.2997370642562
0.1554,18.2997343723255
0.1555,18.2997297611605
0.1556,18.2997272750931
0.1557,18.2997228559725
0.1558,18.2997205956165
0.1559,18.299716374593
0.156,18.2997142079603
0.1561,18.2997101219849
0.1562,18.2997081175916
0.1563,18.2997041995128
0.1564,18.2997024417438
0.1565,18.2996987150705
0.1566,18.2996970315838
0.1567,18.2996934136598
0.1568,18.2996919515093
0.1569,18.2996885109594
0.157,18.2996871158634
0.1571,18.2996837720204
0.1572,18.2996824973192
0.1573,18.2996792804239
0.1574,18.2996781317591
0.1575,18.2996750351627
0.1576,18.2996740048111
0.1577,18.2996710213628
0.1578,18.2996701076128
0.1579,18.2996672331633
0.158,18.2996664698346
0.1581,18.2996637144365
0.1582,18.2996630075739
0.1583,18.2996603260895
0.1584,18.2996597045067
0.1585,18.299657112676
0.1586,18.2996566316254
0.1587,18.2996541467197
0.1588,18.2996537077853
0.1589,18.299651281903
0.159,18.2996509709317
0.1591,18.29964864428
0.1592,18.2996483550661
0.1593,18.2996460740229
0.1594,18.2996459074423
0.1595,18.2996437196681
0.1596,18.2996435683697
0.1597,18.2996414189567
0.1598,18.2996413296174
0.1599,18.2996392444267
0.16,18.2996392942524
0.1601,18.2996372990089
0.1602,18.2996373371512
0.1603,18.2996353615582
0.1604,18.2996354989836
0.1605,18.299633598634
0.1606,18.2996337410634
0.1607,18.2996318660137
0.1608,18.2996321000577
0.1609,18.2996302923793
0.161,18.2996305300946
0.1611,18.2996287445846
0.1612,18.2996290685456
0.1613,18.299627345027
0.1614,18.2996213443125
0.1615,18.2995991910183
0.1616,18.2995710937094
0.1617,18.2995273133574
0.1618,18.2994914158786
0.1619,18.2994621975526
0.162,18.2994603926312
0.1621,18.2994680451745
0.1622,18.2994577886635
0.1623,18.2994118500541
0.1624,18.299378068285
0.1625,18.2993714923678
0.1626,18.2993731730435
0.1627,18.2993485898746
0.1628,18.2992986340939
0.1629,18.2992617447497
0.163,18.2992307180396
0.1631,18.2992339080463
0.1632,18.2992489441365
0.1633,18.2992555501346
0.1634,18.2992450474398
0.1635,18.2992492150197
0.1636,18.299260145378
0.1637,18.2992723718622
0.1638,18.2992808834661
0.1639,18.2992881454683
0.164,18.2992537521762
0.1641,18.299243178076
0.1642,18.2992526766744
0.1643,18.2992657157741
0.1644,18.2992763363375
0.1645,18.2992890573684
0.1646,18.2992642921114
0.1647,18.2992402195223
0.1648,18.2992226203092
0.1649,18.2992216438072
0.165,18.2992095849816
0.1651,18.2991879833495
0.1652,18.299188755531
0.1653,18.2991640211928
0.1654,18.299153424877
0.1655,18.2991464657244
0.1656,18.2991431216954
0.1657,18.2991319149575
0.1658,18.2991241103789
0.1659,18.2991208123203
0.166,18.2991118711725
0.1661,18.299115848865
0.1662,18.2991066948855
0.1663,18.2991024648887
0.1664,18.2991009725896
0.1665,18.2990900424065
0.1666,18.2990659516822
0.1667,18.2990631365117
0.1668,18.2990350826478
0.1669,18.2990384102495
0.167,18.2990545559951
0.1671,18.2990747608686
0.1672,18.2990677325294
0.1673,18.2990692079421
0.1674,18.2990529586925
0.1675,18.2990322322546
0.1676,18.2990254223098
0.1677,18.2990243203982
0.1678,18.2990425343193
0.1679,18.2990605083505
0.168,18.2990776001881
0.1681,18.2990701770052
0.1682,18.299073731332
0.1683,18.299064211108
0.1684,18.2990651334202
0.1685,18.2990513308507
0.1686,18.2990631622824
0.1687,18.2990843574867
0.1688,18.2991000474248
0.1689,18.2990910724567
0.169,18.2990892073569
0.1691,18.2991035645114
0.1692,18.2990888610054
0.1693,18.2990778950677
0.1694,18.2990881445727
0.1695,18.2990838002303
0.1696,18.2990588260299
0.1697,18.2990625712606
0.1698,18.2990331835835
0.1699,18.2989965730635
0.17,18.2990016261077
0.1701,18.2990218311482
0.1702,18.299018864969
0.1703,18.2990287560846
0.1704,18.2990426967457
0.1705,18.2990363700352
0.1706,18.2990447552789
0.1707,18.2990575366951
0.1708,18.2990469917693
0.1709,18.299055037539
0.171,18.2990674556445
0.1711,18.2990266173938
0.1712,18.2990086000426
0.1713,18.2990200334988
0.1714,18.2990402941924
0.1715,18.299062486137
0.1716,18.299062167213
0.1717,18.2990391809187
0.1718,18.299035577763
0.1719,18.2990511041098
0.172,18.2990675978794
0.1721,18.2990696189496
0.1722,18.299012732695
0.1723,18.2989789804877
0.1724,18.2989885609426
0.1725,18.2990113966967
0.1726,18.2990385907843
0.1727,18.2990302545403
0.1728,18.2989827572915
0.1729,18.2989538443364
0.173,18.2989657727038
0.1731,18.2989880136427
0.1732,18.2990133791423
0.1733,18.299029886089
0.1734,18.298956694361
0.1735,18.2989219993242
0.1736,18.2989368295673
0.1737,18.2989569387654
0.1738,18.2989517321285
0.1739,18.2988932368434
0.174,18.2988367240412
0.1741,18.2987638569893
0.1742,18.2987395562094
0.1743,18.2987612478489
0.1744,18.298793859676
0.1745,18.2988239967528
0.1746,18.2988488075364
0.1747,18.2988729780235
0.1748,18.2988986705838
0.1749,18.298920635156
0.175,18.2989447189396
0.1751,18.2989735009247
0.1752,18.2990025055885
0.1753,18.299031158388
0.1754,18.2990519778718
0.1755,18.2990688941332
0.1756,18.2990817926433
0.1757,18.29909840476
0.1758,18.2991117932229
0.1759,18.2991264334245
0.176,18.2991379697303
0.1761,18.2991273971091
0.1762,18.2991295778371
0.1763,18.2991191842909
0.1764,18.2991182321961
0.1765,18.2991316341021
0.1766,18.2991406573576
0.1767,18.2990998656035
0.1768,18.2990323833031
0.1769,18.2990262896886
0.177,18.2990443170343
0.1771,18.2990659844849
0.1772,18.2990818396248
0.1773,18.2990976389125
0.1774,18.299110327081
0.1775,18.2991207182234
0.1776,18.2990759841176
0.1777,18.2990478673817
0.1778,18.2990384609947
0.1779,18.2990546908616
0.178,18.2990751806028
0.1781,18.2990904326406
0.1782,18.299105954888
0.1783,18.299118402148
0.1784,18.2991327233262
0.1785,18.2991402953373
0.1786,18.2991012032408
0.1787,18.2990743079168
0.1788,18.2990834504582
0.1789,18.2991031650404
0.179,18.2991221452294
0.1791,18.2990931967917
0.1792,18.2990509755444
0.1793,18.2990495646807
0.1794,18.2990693126386
0.1795,18.299074282839
0.1796,18.2990014293751
0.1797,18.2989767061103
0.1798,18.2989949867335
0.1799,18.2989907875043
0.18,18.2989447273856
0.1801,18.2989361266797
0.1802,18.2989547741693
0.1803,18.2989472485657
0.1804,18.2989246270684
0.1805,18.2989373889871
0.1806,18.298957636757
0.1807,18.2989308700802
0.1808,18.2989143076864
0.1809,18.2989057752964
0.181,18.2989220522802
0.1811,18.298910599755
0.1812,18.2988802117587
0.1813,18.2988795616529
0.1814,18.2988983783408
0.1815,18.2989245683528
0.1816,18.2989260244448
0.1817,18.2989303797662
0.1818,18.2989327976211
0.1819,18.2989139342628
0.182,18.2989194467703
0.1821,18.2989155742673
0.1822,18.2989258526619
0.1823,18.2989333349925
0.1824,18.2989173096004
0.1825,18.2989193050164
0.1826,18.2989136734222
0.1827,18.2989251593863
0.1828,18.298917685201
0.1829,18.2988959544849
0.183,18.2989048894729
0.1831,18.2989017755941
0.1832,18.2989169096683
0.1833,18.2989124418086
0.1834,18.2988698663026
0.1835,18.2988653395218
0.1836,18.2988747200516
0.1837,18.2988820099907
0.1838,18.2988935293682
0.1839,18.2988967821893
0.184,18.2989109223102
0.1841,18.2989342533854
0.1842,18.2989215178659
0.1843,18.2989077077762
0.1844,18.2988983755983
0.1845,18.2989051381032
0.1846,18.2988771703338
0.1847,18.2988796093944
0.1848,18.2988779086358
0.1849,18.2988820866418
0.185,18.2988785845005
0.1851,18.2988844972959
0.1852,18.2988868638921
0.1853,18.298875732379
0.1854,18.2988542026315
0.1855,18.2988573736119
0.1856,18.2988592828616
0.1857,18.2988317246558
0.1858,18.2988321103152
0.1859,18.2988540564477
0.186,18.2988801687824
0.1861,18.2989047252193
0.1862,18.2989273566094
0.1863,18.2989513708778
0.1864,18.298965596288
0.1865,18.2989341065207
0.1866,18.2989328607399
0.1867,18.2989533757965
0.1868,18.2989734216308
0.1869,18.2989853817016
0.187,18.2989830846203
0.1871,18.2989958793166
0.1872,18.298994489821
0.1873,18.2989887469756
0.1874,18.2989613891304
0.1875,18.2989642459099
0.1876,18.2989797657691
0.1877,18.2989723131136
0.1878,18.2989450373123
0.1879,18.298930603678
0.188,18.2989254816553
0.1881,18.2989182433286
0.1882,18.2989283587763
0.1883,18.298948792968
0.1884,18.2989465464441
0.1885,18.2989351448698
0.1886,18.2989111090403
0.1887,18.2989235784968
0.1888,18.2989486175918
0.1889,18.2989718722225
0.189,18.2989774244934
0.1891,18.2989445853137
0.1892,18.2989214508702
0.1893,18.2989357498139
0.1894,18.2989357441918
0.1895,18.2989476733018
0.1896,18.2989678036583
0.1897,18.2989890173194
0.1898,18.299005622051
0.1899,18.2990013624473
0.19,18.2989885872457
0.1901,18.2989879764525
0.1902,18.2990005725316
0.1903,18.2989958452943
0.1904,18.2990070085423
0.1905,18.2990061709637
0.1906,18.2990034952619
0.1907,18.2990075232486
0.1908,18.2990053580287
0.1909,18.2990162560189
0.191,18.2990193623973
0.1911,18.299002164616
0.1912,18.2989960916774
0.1913,18.2990125393646
0.1914,18.2990332890296
0.1915,18.2990521000348
0.1916,18.2990460726583
0.1917,18.2990540107733
0.1918,18.2990709702937
0.1919,18.2990858885235
0.192,18.2990785387149
0.1921,18.2990778928355
0.1922,18.2990919446894
0.1923,18.2991101422306
0.1924,18.2991308499771
0.1925,18.2991315031417
0.1926,18.2991184723141
0.1927,18.2991034356448
0.1928,18.2990898689194
0.1929,18.2991026997888
0.193,18.2991202872944
0.1931,18.299128506075
0.1932,18.299107255522
0.1933,18.2990694487569
0.1934,18.2990730170276
0.1935,18.2990934916596
0.1936,18.2991097464166
0.1937,18.299094945719
0.1938,18.2990712130801
0.1939,18.2990322030718
0.194,18.2990037664944
0.1941,18.298977204186
0.1942,18.2989804302801
0.1943,18.2990042863797
0.1944,18.2990264707899
0.1945,18.2990414884206
0.1946,18.299005461537
0.1947,18.2989770411127
0.1948,18.2989879857397
0.1949,18.2989990248193
0.195,18.2989944485627
0.1951,18.2989837785656
0.1952,18.2989681825341
0.1953,18.2989429717271
0.1954,18.2989273825949
0.1955,18.2989364514746
0.1956,18.2989201537903
0.1957,18.2989097782702
0.1958,18.2989081489398
0.1959,18.298914829812
0.196,18.2989093170282
0.1961,18.2988923379015
0.1962,18.2988758659695
0.1963,18.2988875469377
0.1964,18.2989092617249
0.1965,18.2988945654141
0.1966,18.298854141131
0.1967,18.298825813253
0.1968,18.2988381329016
0.1969,18.2988297757377
0.197,18.2988063608336
0.1971,18.298807826002
0.1972,18.2988318738853
0.1973,18.2988591330147
0.1974,18.2988641828189
0.1975,18.2988411437124
0.1976,18.2988414842704
0.1977,18.2988619189802
0.1978,18.2988509388002
0.1979,18.2988204245825
0.198,18.2987997666603
0.1981,18.298810810422
0.1982,18.298837057872
0.1983,18.2988669303728
0.1984,18.298869369169
0.1985,18.2988820434923
0.1986,18.2989070261227
0.1987,18.298933358953
0.1988,18.2989570454359
0.1989,18.2989756614842
0.199,18.2989966790038
0.1991,18.2989989372634
0.1992,18.2989953672904
0.1993,18.2989720890098
0.1994,18.2989370584628
0.1995,18.2989186126376
0.1996,18.2989284847086
0.1997,18.2989301054705
0.1998,18.2989434150687
0.1999,18.2989628481365
0.2,18.2989813667395
